11111111111111111111111111111111111111111111111111111111111111111111111111111111
11111111111111111111111111111411111111111111141111111111111111111111111111111111
11111111111111311111111111111111111111111111131111111111111111111111111111111111
11111111111111111111111111111111111111111111111111311111111111111111111111111111
11111111111111111111111111111111111111111111111111111111111111111111111311111111
11111111111111111111111111111311111111111111111111111111111111111111111111111111
11111111111111111111111111111111111131111111111111111111111111111111111111111111
11111111111111111111111111111111111111111111111111111111111111111111111111111111
11111111111111111111411111111111111111111111111111111111111111111111111111111111
11111111111111111111111111111111111111111111111111111111111111111111111111111111
11111111111111111111111111111111111111111111111111111111111111111111111111111111
11111111111111111111111111111111111111111111111111111111111111111111111111111111
11111111111111111111111111111111111111111111111111111111111111111111111111111111
11111111111111111111111111111111111111111111111111111111111111111111111111111111
11111111111111111111111111111211111111111111111111111111111111111111111111111111
11111111111111111111111111111111111111111111111111111111111411111111111111111111
41111111111111111111111111111111111111111111111111111111111111111111111111111111
11111111111111111111111111111111111111111111111111111111111111111111111131111111
11111111111111111111111111111111111111111111111111111111111111111111111111111111
11111111111111111111111111111111111111111111111111111111111111111111111111111111
11111111111111111111111111111111111111111111111111311111111111111111111111111111
11111111111111111111111111111111111111111111111111111111111111111111111111111111
11111111111111111111111111114111111111111111111111111311111111111111111111111111
11111111111111111111111111111111111111111111111111111111111111111111111111111111
11111111111111111111111111111111111111111111111111111111111111111111111111111111
11111111141411111111111111111111111111111111111111111111111111111111111111111111
11111111111111111111111111111111111111111111111111111111111411111111111111111111
11111111111111111111111111111111111111111111111111111111111111111111111111111111
11111111111113111111111111111111111111111111111111111111111141111111111111111111
11111111111111111111111111111111131111111111111111111111111111111111111111111111
11111111111111111111111111111111111111111111111111111111111111111111111111111111
11111111111111111111111111111111111111111111111111111111111111111111111111111111
11111111111111111111111111111111111111111111111111111111111131111111111111111111
11111111111111111111111111111111111111111111111111111111111111111111111111111111
11111111111111111113111111111111111111111111111111111111111111111111111111111111
11111111111111111111111111111111111111111111111111111111111111111111111111111111
11111111111111111111111111111111111111111111111111111111111111111111111111111111
11111111111111111111111111111111111111111111111111111111113111111111111111111111
31111111111111111111111111111111111111111111111111111111111111111111111111111111
11111111111111111111111111111111111111111111111111111111111111131111111111111111
11111111111111111111111111111111111111111111111111111111111111111111111111111131
11111111111111111111111111111111111111111111111113111111111111111111111111111111
11111111111111111111111111111111111111111111111111111111111111111111111111111111
11111111111111111111111141111111311111111111111111111111111114111111111111111111
11111111111111111111111121111111111111111111111111111111111111111111111111111111
11111111111111111111111111111111111111111111111111111111111111111111111111111111
11111111111111111111111111111111111111111111111111131111111111111111111111111111
11111111111311111111111111113111111111111111111111111111111111111111111111111111
11111111111111111111111111111111111111111111111111111111111111111111111111111111
11111111111111111111111111111111111111111111111111113111111111111111111111111111
11111111111111111111111111111111111111111111111111111111111113111113111111111111
11111111111111111111111111111111111111111111111111111111111111111111111311111111
11111111111113111111111111111111111111111111111111111111111111111111111111111131
11111111111111111111111111111114111111111111111111111111111111111113111111111111
31111111111111111111111111111111111111111111111111111111111111111111111111111111
11111111111111111111111111111111111111111111111111111111111111111111111111111111
11111111111111111111111113111111111111111111111111111111111111111111111111111111
11111111111111111111111111111111111111111111111111111111111111111111111111111111
11114111111111111111111111111111111111111111111111111111111111111111111111111111
11111111111111111111111111111111111111111111113111111111111111111111111111111111
11111111111111111111111111111111111111111111111111111111111111111111111111111111
11111111113111111111111111111111111111111111111111111111111131111111111111111111
11111111111111111411111111111111111111111111111111111111111111111111111111111111
11111111111111111111111111111111111111111111111311131111111111111111111111111111
11111111111111111111111111111111111111131111111111111111111111111111111111111111
11111111111111311111111111111111111111111111111111111111111111111111111111111111
11111111111111111111111111111111111111111111111111111111111111111111111111111111
11111111111111111111111111111111111111111111111111111111111111111111111111111111
11111111111111111111111111111111111111114111111111111111111111111111111111141111
11111111111111111111111111111111111111111111111111111111111141111111111111111111
11111111111111111111111111111111111111111111111111111111111111131111111111111111
11311111111111111111111111111111111111111113111311111111111111111111111111111111
11111111111111111111111111111111111111111111111111111111111111111131111111111111
11111111111111111111111111111111111113111111111111111111111111111111111111111111
11111111111311111111111111111111111111111111111111111111131111111111111111111111
11111111111111111111111111111111111111111111111111111111111111111111211111111111
11111111111111111111111111141111111111111111113111111111111111111111111111111111
11111111111111111111114111111111111111111111111111111111111111111111111111111111
11111111111111111111111111111111111111111111111111111111111111111111111111111111
11111111111111111111111111111111111111111111111111111111111111111111111111111131
11111111111111111111111111111111111111111111111111111111111111111111111111111111
11111111111111111111111111111111111111111111111111111111111111111111311111112111
11111111111111111111111111111111111111111111111111111111111111111111111111111111
11111111111111111111111111111111111112111111111111111111111111111111111111111111
11111111111111111111111111111111111113111111111111131111111111111113111111111111
11111111111111111111111111111111111111111111111111111111111111111111111111111111
11111111111111111111111111111111111111111111111111111111111111111111111111111111
11111111111111111111211111111111131111111111111111111111111111111111111111111111
11111111111111111114111111111111111111111111113111111111111111111111111111111111
11111111131111111111111111111111111111111111111111111111111111111111111111111111
11111111111111111111111111111111111111111111111111111111111111111111111111111111
11111131111111111111111111111111111111111111111111111111111111111111111111111111
11111111111111111111111111111111111111141311111111111111111111111111111111111111
11111111111111111131111111111111111111111111111111111111111113111111111111111111
11111111111111111111111111111111111111111111111111111111111111111111111111111111
11111111111111111111111111131111111111111111111111111111111111111111111111111111
11111111111111111111111111111111111111111111114111111111111111111111111111111111
11111111111113111111111111111111111111111111111111111111111111111111111111111111
11111111111111111111111111113111113111131111111111111111111111111111111111111111
11111111111111111111111111111111111111111111111113111111111111111111111111111111
11111111111111111111111111111111111111111111111111111111111111111111111111111111
11111111111111111111111111111113111111131111111111111111111111111111111111111111
11111111111111111111111111111111111111111111111111111111111111111111111111111113
11111111111111111111111111111111111111111111111111111111111141111111113111111111
11111111111111111111111111111111111111111111111111311111111111111111111111111111
11111111111111114111111111111111111111111111111111111111111111111111111111311111
11111111111111111111111111111111111111111111111111111111111111111111111111111111
11111111111111111111111111111111111111111111111111111111111111111111111111111111
11111113111111111111111111111111111111111111111111111111111111111111111111111111
11111111111111111111111111111111111111111111111111111111111111131111111111141111
11111111111111111111111111111111111411111111111111111111111111111111111111111111
11111111111111111111111111111111111111131111111111111111111111111111111111111111
11111111111111111111111111111111111111111111111111111111111111111111111111111111
11113111111111111111111111111111111111111111111111111111111111111111111111111111
11111111111111111111113111111111111111111111111111111111111111111111111131111111
11111111111111111111111111111111111111111111111111111111111111131111111111111111
11111111111111111111111111131111111111111111111111111111111111111111111111111111
11111111111111111111111111111111111111111111111111111111111111111111111111111111
11111111111111111111111111111111311111111111111111111111111111111111111131111111
11111111111111111111111111111111111111111111111111111111111111111114111111111111
11111111111111111111111111111111111111111111111111111111111111111111111111111111
11111111111111111111111111111111111111111111111111111111111111111111113111111111
11111111111111111131111111111113111111111111111111111111111111111111111111111111
11111111111111111111111111111111111111111111111111111111111111111111111111111111
