11111141111111111111111111131111411411111111141313111111341111113111111114141111
11111111111111111111111111111111111111114111111111111134111111141111114111111111
11111114111111111411111111111111111111111311111111111111111411113114111111111111
11111111111113111111141111111111113113111111111413111111114313111111111111113111
11111111111111111111111111111111111111111111111131111311111341111111111111311111
11311113111114111111113111111411111131111113111111111114131111111114111111111111
11111111113111111113111111111111111111111131411111111111111111111111111114111111
11111411111111111111111111111111111111111111111111111111111111111111113111411111
11114111111113111141111111111111114111113111111111111111111111111111131141114111
11114111111111111114114131311111111111111111141111111111141111111111114111411111
11411111111111111111111411111111111111111111111111111111311111111111111111111111
11111111111111111411111111311111111111111111111111111111111111111111111411111111
11111111111314111111111114113111111111111141411111111311111113111111111111131311
41111113111111111111111111114111111311411111111111111111341111111111111111111111
11114131111111311411111111111111311141113111111111111111111111134111431311131111
11111114111111111131111111111111111111111111111141111141411111111111111211111113
11111111111141111141111111113111111111111111111131113411411111111111114111111111
11111111311111131111111141411111111111111111111413111111111111114113111111111112
11111111111111431111111311111414111114111111111111111113111111111111113111111111
31141111111113111411111111111111311141111111111111111111111111111111113111111113
11114111111111413111111111111111141111111111111111111111411111111111111111111111
11141111131111111113131111411111111111111113111111111111111111111111131111111111
11111111113111111111111111111131111111111311111311111111111111111111111111111311
11131313131111311111141111111111111111131113111111114113111111111111211111131111
13111111111114111141311111111111111111111111111111441111111113111111111111111111
11111111111111411111114111431111111111113111111111111111111111113311111411311111
11114111111111111111411111144311111111131111111111111111111311111111111113131111
11111111111111111111111111131111114111113111111111111111111111111311413111111441
11111111111134111111311111111311111111111111111111111111111111111111111111131111
11113111111111111411111311114113113111111111114111111111111411111111111111111114
11111131111111111111111111111111111111111111111111113111111131111111111111111141
11111111111311111111111111111111111113111111111113111111111111111114113111111311
11111111111111114111411111111111111311111111111111111111111111111113111143411111
11111111111111141111111111111141311311111111111111111411111131111111111111111111
11114111111111321111111111111111111111111111111141311111111131111111111114411111
11141111111111111141411111441111111111111111111111111111111141411113113141111111
11111111111311111111111113111111111111111111111111111111111411111111111341141111
11131111111111111111111111111111111111111113111113111111411311114111133111111431
11141111111111111141111111111111111111111111111111111411111111111143111111111111
11111111113111111111411111111141111111111111111111111111114111111141141111111111
11111111341111111131111111111111111141131111111111411111111111111411111111111311
41111111111311111411111111111111441111311111311111111413111111111111111111111111
11111111111111111411111141113111111111111111111111111111111111111111114111111111
11111311111113111111113111111111111111111113111111111111111411114111111111111114
11111111111111131113113311111111111114111311111111111114111111111111111111111111
13111111111111111111111111111141141113111111111111111131111114111131111111111111
11131111111111111131111111111111111341111111114141131111111131111111111111114111
11111111131111314111111114111111111114111111111311131111111111111144114111111411
11111311111111111111141111311111111111111311111111111111111111111111111113111111
14111111114111111111111114111111311111411111111111111111114111111113111111111111
41111111131111111111311111111111111111313111111111111131113111111111111111111111
13111111111111111111411111311111111111113111111111111111131113111111111131111111
11111411311111111111111111111111114111311111311111111113311111111111111111141111
11111111111111111111111411121131341111141111111111331111311411311111131111111111
11111111111114111111111111111141113111141111111111111111111111311111111113311111
11111111111111131111111111114111141113111111111111111111111111111111114411111111
14111111411111111141111111111111111411111311114413111111113111111111111111131411
11111111111131111111111111111111111111113141131111111111114431111111111111111111
11111131111111111111311111111111111111111111111131141311111141111111111111111111
11111111114111111111111111111131111111111111111131111111111111111111114111111111
11111111111111111111111111114111111114111111111111111111311111113311111111111111
11111111131111431111111111111111111111111111111111111113111331111111111114111111
11111111111111111114111311113111111111111111111111131411111111111114111131111111
13311111111141111111111111111141111111131113111111111111131111111111311111111111
11131311111111111111111114111111113111411414111411111111111111111111111111111131
41111111111111111111111411311111111111111111111111111111111111111111111111111111
11114141111111111111111141111111111111111111111111111111111111111111111131114111
11111131111111111111111111111114111141111111111111111141111111111111111311111111
11111111111111111111111111111111111111111111111114111111111111111111311111111111
41111111111111131111141111111111111111111111131111111113111111111111111111111111
11111114111111111111111111131143111131111141111111131111111111111111111111111411
11111111111111111111131111111111111111111113111111111111113411111131111111111141
11111113111311111111114111111111111141411111141111411111111411111111111113111111
41141114111111111111111111111113111114311111114111111111111111111131111111111111
11134131111111114111111111111111111114114111111111111413111111111111111111113131
13111111111111111311111111111111141111114111111111111311111111114111111111111111
11111111111311111111111131111111114111111131111114111111111111111111111114111111
11113211111111111111111111113111111111111111111111111311111111111111111111111111
11411111111111111111113111111141114431111111111111111111311114111111111111111111
11113114111411111411111114111114111111111111111111111111111111111113114111111111
41113111111111114411411411111111111111111111111111141111111111111111111111111111
11111111111141111111114311111111111141111111111111111111111111111111111111111111
11311111311111111311311111111111111111111111111131114111141111111141111111111111
11111114111111111111111111411111113111111114111141111141111111111111111111111331
11411111411111111111111311111111112111111111111111111111111111111111311111113311
11111111111111111411111113111111131131111111111111111411111111111111111111111114
14131111111111111111111111111111111111111111111111111111111111141111111111111111
11111111111311411111131111111114111111111131111111114111111131111111111141111111
11111111111111311111111111111111111111111141311111111111111111311111131111111111
13111114111113111111111111111111111311131111111111143314111111311111111111111111
11111111111111111111111111111311111111111111111111111111111114111111111111111111
11111111141111411311111311111111141111111111111111111111111111111111131111141114
11111111111111111111114111111111111111111111111111111314111134111111141411311131
31111111311111314111111111111111311111141111111114111111111111111114111111113113
11111111111111111111111141111111111111411111111111111111111111111111111111111111
14111311411111114111111111111111341111311111111341111111111111111111114111111311
11111111111114411111111111321113111111111113441131111111111141411111141111414111
11111131111111111111111111111111411131111111111141111131111111111111111131113111
11111111111111111114111113111111114141111111111111411411113111111111111111111111
11111111111111111111111113114111114111111111111111111111111111311114111111111111
11111111311111111111111111111111141311311111141111111111111111111111111111111111
11111111111113411411111141111111111111111111111111111111311111111111111111141131
11111113111411111111111111111131111441111111114111111114111311111111114111111111
11114111111111114111111111131111111111111141111111141311114411111111111111111111
11111111111113311111111111113111111111111111111111111111111111111111311111111111
13111111111111411111131111111111111111111141111111141111111141111111111111111111
11311111111111111111111111111111111411111111113111111111111311141111131111111111
12111141311111111111111111111111111131111111111111111111111114113111111111111113
11131111111111111111111111111111111111111111311111111411111111141111113111111111
11111111111111111111111111144111111111111111111111111111411131111111144141111111
11111111141111111111131111111111111111111113111111113111114131111111111111111111
11111131111111141311131111111111111111113111111111111111141111111111111111111111
31111114111413111111111111111111111111141111111111111111411111111131131131111311
11111113113111111113111111111111111111111111111111111111111311114111111111114111
11111131411111111111413111111111111111111111411111111111111111141414111111111111
41131113111111311411111111114111111111111111111111111111111111111111111111111111
11141111111111111131111111411111111111111113111111111111411111111114411111111114
14111111111111111111111111111111414131111111111141111111111111111111111111111111
11111111111131111111111111111111111111131111111111111111111111311111111111111111
11111111111111111111114111111111111111111111131111114111111111111111131311111111
11111111111111131313111111113111111111113113111111111111111131111111111141111111
11111111111111111111411111111111111111111111111111111131111113114111111111111111
11131111111114111111111111111111111111111141143111111111111111311111114111111111
11111111111111111111111111111111111111111111111111111131111111111111111411111111
