34134134134134134134134134134134112111111141111213111143314331444434411111131113
14231114114411111131111111144111113131131141321413111111131114113114433414113431
12124441214114412113221414111132413411134111111413311111112323134134313414112143
11111113214144111342143131144311313241413112131111111313121311113111424114111111
31113414312131111141213111131131141334431133111321411131311144143421114433111124
13311111241114441131111114441131134411443143143111411441424132241131142134111141
33331113124113114434142211111433441121143134314233131131113311333442111114431112
11134414111411313113433111114113111142121231134434113131411141113334132113131343
41131112143413141314311334341111211111434333111114141113241131131111111123313121
21413311133131213111311144411434441411214323431132114221414111141143111311421412
11133111111314133141111311234114143131143141211141141313113413331144421431144311
34444211114413143131113113142441134331113114113441342331144343441243112111111414
33441111324222114334121111413133113143113414113122211111111112131333441131311411
23331331114111211113341332111311131143243114444441313144411244113333331411112413
41141131413311241111344431113334111312311432413111114132131334111331241141131211
41143124144133141113441211214113431311133413431131413111411131314434133421311113
11134311111311141213213411131411314342114131111141111141411141111111144314411111
11314443143111111141211132131434111133111421311114331431232131311411111331114413
23313411224232411131414341211311341114121141113211331111331111411411114134111111
14414111424314333111411443233334142414142131121111111141331344411341131121311112
11111413134111411111131134113114414311134411131114211131111313133441341114112343
31131111213111141312144444111331313241121121133313143111214131321134413441231411
41411141114311441413211431441314411113131134111414113211123141311441132144141211
24111414114111111413244111444111343314134214341323311341124413131312442123411124
13433113114141121411421113111441112133141332114141123431111113341423113311132311
13113111142134131414113111111412111311411144321131342211242441421433114414113113
13442111314112141111431134141124313413441411321241131131113312113442114142134113
31413313231114113411311113133113141111141232141112112313111111441411333312211141
34211213144144143313134141343114114411421411114141314144111113111311434111411131
11111314144311111111144114311134411111131412111131131131144312441314331111121111
43414111114114443324323113214342422213131124211314113311141111111431111413134141
44331441111414114331334311331131141441111114443111411411131111311111413131114114
34114123141114113111131123314134444144411112341113141111441111111431114331334411
44113321211114114411144331111131411114131111144141131142131113111111113411333111
11134141311111413144114131331114141114431134141411114131141311111311121114141321
33113111311313431231114441111121211143414114314113111131131111114414113121324113
11344113413421111441111314334114111314134131413431111331414121311431114141111311
11143411212431333411332112311143312131111143211413134141412133341413131124131411
14131311414241111441311413323444143112414413131311411111111111132131111313311443
41314141331141113134111211113211131111113134141113141311333413141131321321413413
41311413311144134434311111311112124343111131311121334341411112111434441413213111
13313331142131441141111441312134113314411311144114334413131114141133111433131133
11131412411414113113121442111434111211411131321111213414323141441114344131144111
31211111413114134114141144111114331113311311314141131341211241441441433121221121
14141411143411141114111111233321113411311313113131133314424434113123412322113111
13411411143211411141144331312331214414413134111312113131141111113312113131131113
11321313413111413111113341312111121111111114144314433441111114411333421422133431
31111411111111131111332122441131311414414141313141411111114444311311314111411433
31311434143313111432143413214321111332141411114111141141433111311134111143141421
31213114143112134112111311114111131241343311433444113433214331314141134431142114
13311112433111111414141131144434213311432141131124131431111111111143141313141212
31141111133321113111311121131114413114114114243111213343311411421124113131144111
33144124111111321311331111313141111141111411111131133141133214111444411111234344
34111144411334134434111414141331111143111134314114111111443131113113144121114411
14421114342114131314133131134131113141413141331323134412311411311411311113113214
14313341431131311111243121111111131333331321411433111311311111331213413421121111
41334431413113111111112314111144111113114413111133411134311431111211111341144441
44114341413434331413311121112111311111111141111111341421111111144442113312411311
11141113431111413414111211313143211134111111414111111111414314111141331214413131
41311311411111341131111343441121411311111114313131111233132333111111111231111341
11142431333114143113441121114411444411432111114314111311131443112114113231141111
12241333114223131311413111311411121414144113111111341331311443411111144411211431
43131114444144141111334444111313344311131211311214412332331211211131144141341232
13434231414111114131413411413443411443131312411311341111141124331341113441211111
24311123113411114411441131331133331142111113411114114131141311414144411244113113
13311141413311111111141144112434124411211113434111241112442223143441313111431212
14313113132334111411113132343131111311413314133414111431311414112311341413434313
44114141121311433423314411312143131111212443414311334311434113134433111331411331
34414413141142144111341114412111141143431141431114114411111411111331141333334133
33113111334131241341311231112411321111321414112112113112131431411121133411142144
41141344331313131111133111341124411114141434344341131111413414111214141124324141
42142411313131113141414441333314123431112411411143211121132321113211111434313411
14111144111433114311111113311311311244411131111441413132211313114413311443311113
11111141113111241141111341111143131111432111411313114124311414131144141114131411
43411314334111111113312133413441113141111333133111343113311111141131444313114143
12112441111213411121111131314114144311131311114331141131311411441111322124131124
32312133111314344414114113341123411114432442111114143314432131334411244411124411
42311131333111124311333133444114131223411113143141141313143413131111324111441214
41441412111331441143114113333111114431114131441141311311323111112113111414333114
31241111331343433331431111114141131143211213213143131411331311243111113411131111
13114431114313312441111111431143414143113111111311113131131141111111311141441411
13111441313111312214243113141113143113411423311111111111131143313141111141143133
41313131214144431134311414311411414141111412113131131111113121111331124111434141
14111411412411411331141141111331122321111211113441423114111113441311413141411131
34411411111114333141111414421333331113211111113314111111311111333211143111112131
11141111111111113111143114431112111111111111113112143113113211312113342141111112
11333211311211443142141144111141114111111111431111123111114111141343431113444131
41211112121433111441134114111111124344111124311414331414141141133133211413411441
13114444111121113311413141421112311113131111411331444211141113131331123113431343
31441141311213111134111111141113431141113413231111331111411441112134442311413213
41111312131143213414413111324133431211114132143114141141133222311111131113444421
11433414434231112114111143311231114331111431423111343132231144312331131113324311
34431433112114114111241111131312111131111314141111111131114311414443143113214311
12113111111244114121112111411311114144321111111132311111143111311411141114131311
11114111133311331413111131231311311133113114444414111441114131113113122111431331
31311112311231334133343111134433141131121411111411141113111111111141133411313324
11111313314434114434114131133111411142311111321433111111121141133143411242112443
11144111343121111431412141114442111444111431113321111413334133111421143211134211
11121311434243113141134133141133411112444414111113433311113111241311311132311143
44111134113131141143111143114111333113114311111411123113311334312311412144344331
14114114411111411443341211114141411132141413144211131411411121324131324114131341
14114341111113132123111111141111434121121111331311141431111431344411114134113114
14111123112411431443114341443311443112121311123141113112134111231331333233141134
31444123144131433114111133112334111231114111113414144244333113211141311141433113
11111111144114411123111144131111113141311113141111211111131411141111144311311141
44311321411311412343423311111114111113433134134441131123411111411334311141331413
13134111113331142114114311111111121111422411411111111113411114144134113413111121
11111412311131211314411143333113424113313123211113313111413133431131323413311111
13334414114134212111211133121431111314311343411331341111114111341144211332131141
14111314211111123111133133413114441321141113421143411313141111414431311112311414
11131113341113443144214141444131311211114411434333111114314313231431114431141111
41111141334131441114211321411124331111113112131411311131113111441133313334111331
44314141114114111211414413312314231411422341141311431314441113431132321143141344
31131112111111413134313431132334144141141111141113131341134141412341141142123134
12314141111411411111111411414131433131133112311133143413443313423111131111431431
11211241441331113111311431141311312111131444113411241324341414112111141114111441
21133112133111324411111443434313131441113111111314213233423114111231134311114413
11124442443333441114134111444411141141411211111411411311431141331114141111144314
13443131212331131144411244114144114111111311141441114311114113314411311144341113
13111442413114331411211242311311441421313113111333111432331114131113131314131434
14344114114331114312131111143113144314411411114111133211341111111133114111144312
11141414431121312131431422441141114421122211343421131132311311313111113111334114
41111341113113131113141113112211111141413314441131131131134113111334312131442131
43131123111143141131131443324143141111133414213111341241133432111112141334111411
