23412341234123412341234123412341234123412341234124411141141222221113443411113214
32122433133444244134444114132311411233341133131434244133413314423113434113111434
11423114412342132134344334131442343231314112321122311311421334221422323232431332
31332121132314431443133211442212413144412424124232131142414243132334124142234234
14241341131444434323132324244324242413241132424231424122124444314142414143331143
41334232221433333443322311313331313141323233133321444121243241444312141113134244
33242242142431144431112433344314142441441111442333414314221311312141214223421444
43314242321133134333413121114114344334213341444132211431114344113143122233421424
11213441214442424432134211314311234231233311133431241314134114134413114231242434
13211431334414131413343313441311223344143314411414242123343134334233314411111143
12124412121111413243144324113324421114134244141132341314144342433343234132413121
42233244241444123141443212413242121424123421431412131144441234244442134321112133
41233131312211431221313123433341311221441314124114211441331224343141131131444411
43442313334343141421121334114313322414411241234131323122134122124423311433142124
43332143444311444334313344431421131113242434333431232131441223211231211313312214
33321244413442113141212333114133141212411233243113312444441341242113132242211434
24311321112342114111314341111124333434342141122232344434112144213113311224443212
32121443314341113212214132221143142421113423134141313134433113121213312131314314
11324224114324131241414113124112341241414412211344434443132131244442444134242112
13434442342121422443212421144131232314341311311424141344432214214213323323124341
14322241421241344443342123121133111444441311124133414131113411411143423444124434
34144113431134314143341111131441341242143141322311121111334411433323314334114414
33344144243313312422342344113331114411314222132443112232344143311441211311223441
31112231121333411443331211341211121124113243421421312211224143114121414444111114
41144332214134343114114322424111113344241432312314333133131111214241142221233122
23114442133113413413424344111214331313432334111331211431133141144134443431411223
11231434334414433122334133133424123232231423313424241214424144342421443131424142
31231113414433224331224213311121331213433232114444131324341241142323421314414411
43231112144344111123344114413134314411234114231242334421133121121244214211141242
11323421412341121243323344333232414442424134411132114411311344311311142123334114
13141231231433211344131414314433111412412144231114114231231112111144221334244443
44134432331311441113133312221121344444434414314344211111241241442114323313234421
11424122144134412421444433434331113111324422143111421344441312331411344124111413
13232322322132243411241111332133211311143332243411111241433424221312432311431213
31344122144432244111112433441134413142341334234121311141131341113142443243142321
42112442321243441114214233423244223431144113342131311324131441441412114111431233
13143431113243412423334234443334144121411311413444211433123132331433314311431343
12332341124411422124331112322132434334213132343142223441124414412144331241413343
12441334242412131311121224212344311324124341114121132344413123244313344334241434
42434313443141231233233144231343133442111321211133344131413343324314113311431411
42121141131423414322114211212411344343213213111423111311241141131411132413331424
11341241134213421441141423344412413323234143221324324312441343123414131133312114
11143414122221324441114134131331114141142421113213141224322312221322323224314411
43334323142331333411434123413111133143442124323224214124343413444344431341231231
34321122143413311111423134111244114142144113144213433141343414213121123441114313
23113321411113141113334313343423112442244434414432314411421113112431141413431431
22111212114414441144324142341121143421243411123312231112314132112144442314232111
13132413241411144423314231343114324233434233233423411421344221113411441122244323
23441423311311144244342114343411124114123321114323411344314223142422444114421123
32133222211222114342441431241444111133231333433213131441443422432242221414123344
11114431333444114313241314243342233431321434314233144242333144312322134132431143
11432341411121123342431422423434112344413213144414312414413343114133424214111241
34331111133211111434241411143431334414322331213243344413443412111344244214121212
13433122432224333334343213422121244324232212233241113144123431244333411221131311
41221343341323213342131422133123324313341313223214213214134143313331141411131113
41331413333432234212411444323433411433433341342243221114121333141443444114111241
11112421423432341241343412443314311111442441123414334414413111431332311411443341
23312322444442434443314141342411232111141413432221432414334213314411344344312113
32131314443433431414233132242232223221414121412333142434314141421242211311331111
11111132344444314434413331131341342411133311444224133242144124321444131313431111
41313224344424433441421114244341214233242412143112112133433131412443424141114434
23343243234111333324221343341333413144131342143344214443421331142441144314143411
41213341334123234324113112114431144311423124141421413114334442244414111121312143
12441144414413141131211211341141212142211443313134313131422432143333413144234314
44134121123433412131441121344341243121431334412111111314141314211242212443412434
41411241144434113314331331423244132223143431241322121431132123324413331411141411
14141414111314134314144132331142412213114422124214111431433411321433331112341322
23444124214141313432311314444232332431343141413332231334234132112114312144424213
23211233114134341342222243343441214442341424344233231421441432311343241122313311
43213213212123342441232311143211232332411441343234323431341111341243213212211143
32334341443212434124131411132132224413314142422431442131421133112134112141142433
14214144413114212233234441114211141432431114313312424231433111234344323344432411
43344414224314241114133441114443123134214123343334433232313434313311113141111134
44111214431412341431133321341312413322413244121121422331323421111132331113431314
14331131432111113313211311324413343111111341133342422441413214243114142411314111
31422141242331213211433313141241413132413213144331342131142331341444111134424132
41232123424134113233421131313111311114334221111122212131214441213232211421441113
11321413143443312422121122121241231421212242321421114141143414331111332213444441
24323413414333411312112213311414422241144412434311331431123232111441433332243222
11314121214344242312413141411241114121314113141431213112113423414323314313143121
33243341114434421342113341242324233221111211244231144122342121342213233234143123
22324133413421444214313311212421123243432242112143434434113112213413221333311411
11432311444334214141433114432314314414414321443231443141231321232144433433432431
23424341414444144444443442112243141413311411122131342433341421131114444411343342
43414313332121132134222411414243234114134411242444114433423132411321414243312341
31321124321411234311331441122314333424121321413444111111324411231244324114211143
42212322114321133233244243112233111332143231321311132243321221211311313311314144
12233113312321323233331331313413123414133323212342112433241424113323331112234121
22144241441223141441231241123422314324111142214431431144233424311143213433332441
11213223333133134244144323243133122213111444143142344311144141314434212412442411
13343233312322434124212323121133412411434312142421221114211141134431133133334333
41242211133344113214142111423334333422113313234421311114344143342141332433344132
42321243132421123441141434234433234124144334112423112313123332111414414113133343
32131424213111423413331443223411214343144312442431334333424342141343113112423142
13411321222441324213342121331144414124414413211131124413412244412143411212321434
12144141344124442211323134314234311413124233424332323333344413333424431141134112
13433244324121131331341343241322313323344211334311114322114413442422241143423132
34133424413333233121234213412434413133111124243231433313312142241434423341321312
23331313131243433344312112313444442113342114432342141341414214111431144234144414
11122234312342211213444424441112442114441143142444311121212434311133441212143123
23424422311314142313323131334314433332341334424241443412311134344314332421111342
31431332334112243321312341222443131312222444114244334423333421212111333434312143
43223241214224114422114111131121113144223423422342133414321431241422444121114213
43331224111233414143111131233423441412211341221311331133331312234113114341322331
44311111114121433442431413122433143143312344313211431331133343441442411142131142
43111143213212121244112144114133312131132312313211121114144422143312421131224441
41141241141314332241132143443233412341311113211132144313423121412124432311334431
11344311413233443334114344414433114131341322311133424443431341121122133112341211
12242321143134421112424313134411411432424114432133141244144411144423142211224112
24112214312334222121112313234414444114322112214143433432314143443423331341314242
33111344134141134424234342431323311134412432333133311411311231134332111411213221
14141442424413411442341343211111344211121431343413221411113313442344124121412133
44134113421313233432342332133223121444441131441341211112224123333223444433344121
32413124111431114344442343212341121341334142311441311212334423313132334122442134
31422131111221314142431324321314312414121341133214413342313234421222212213111122
43242144331142312334313141433443313222113112232134411114414124323324424213132413
13143111131121311112133132322444333424321114241313144343431231231124442433111112
44141443221121113213413142421243134423322114314241421411142314133212141244341144
13413323232143133123244441141134444241312211413114414311144134143212444121312432
13333114122114211214444322343231334133414441131341411334143123411131314421313231
43234231223211211412414441421411133421413141412334432334332431133224331334441341
13234321132434134331143344414413231133222141131141311123243142141413123423414334
14341433323441212114231432343413312122214211321342111423311444421121114442333441
12311234333444213431113131114344211434331413313414411341434224321134144323131242
