22342441221443344224222442131242424443221232213412422212323332434311121122241242
12232122321344241331333233444423121223122323222143142232243424312422213334333412
32332243433424122344244331341242232314212212224211314322243234421422214134332333
43432431341243244433224432214242334312424443324123331221441132422344434443224222
23233133214424332323333214431243222322424433422123243224422222234233224421444214
34414333113432234332232344323314223443342213221222322242424334212323314424211313
13222443422211331114422224431131222432222413212131231434434212344332242143332222
22144432222422414422124244322424432424123324332342233344224121433241222411344332
34423222243224214123223432221324334312231342422112414414211223344423233134323132
14422222223224212224443221332142242424232143443424123323431114113223332343442141
34143234112423224222341212321332224232434211212124132221242324444342434323432411
12344134441232134311143422344411212412343243323344412222221333242242422422442431
13134314232213424122422331244132241224334322212432333432324224211232124322324333
21442342311331332123142124222241424234143122332112221333121324434142341222224312
41323241442222142244341244122243243243132113122113212223121432222223131241222424
12222342222222422341312313214322422424422241244443232333222221212122322321144423
22322122241412422424422432222332123234432242323442343233132411422212323442332242
21441221142243312123344244323343334234224343411422243314132243422133243234412233
21434423213213443224332221323442323124343243221332242241341422241413222132313144
11424242334444222423131344412212214321312424233223444423322222332224344412331331
32422122232332332332231423441433441222111232124241331344244314324344142232213431
23242213413322424233314412222222224334442344122433123143123214343122442311232422
31243234214424144311122322332232421132441244242422344333424322322324432311344112
44332334444423433311222211433431423114114221233122343232332112212342443223442221
42232223144142444221122142413324234324231124333432224321242121242424122424321224
14443144232314242224413324242422443444222222131243323424232443223222321412132444
21234222243213132223124224424234411324222213223214324231342421312242312424343333
43123222443432412214342322144222423433123324314144442422121214224222223234422334
41121223432432324234233422212323124432324121134342232344433442312223422411424221
33224242322333234222223314434133312212332222414224312232224222434244233422333343
44324342324412444242122433131232431324413422444141143222224124323322332234422232
22442324324324143232423344422443431121213432311342322242132122444421224414312324
34414434323424143432223223223222313232424324122422234334313431444112222323323124
14322224221431332233224233442122233423324423242221233422132233144323233324423413
31233322422143332423143223322244421421342241244322222422421221412132342142244312
42423312223122134233423324131212424224434124343413443344411141434311123412341114
34433414322324131323432311113144213312434424223444222133322243433223424441324223
23234142314243211223322112324223242232323223133122234224432344331124333222222313
23332414223211432434223343334132414143231232434422232341234224332113423143121122
22213413343334323323423222222234144323114423444424231343143342432112244422324424
44321123421222121422122212431224241134222331342232341344222412322144121443242412
42244442212424422412122214232332123212443421321234244223233233432343242243132244
22423123412444333233322424221222232142122224242223221223133224142232222444311222
23421113223433233443114243114213232414441214233211222231244343311243231142111434
33214234232213114222444133224242431333322323344431421244342224342334331324344224
42144343232234232224122442442222422212323223223231222224123244212423144143323322
23222221313133134132343234443322422213144344232434241234223332144243434221114443
23222323133124412341214224414131144422123223432422221233413132321132223413412244
24242222334144134221432444422333222343212331244413434212244231123234233444323321
42313222322443234321332444434443424122134323142343422242344234232424232342134244
23442322444122312134333313224434222323423432232344114334234221414143414142233431
34232423112422121243223324333221232241222223431241312423423421434443332224432332
32321211324234211232332322343343444432223212122212422314232312422244322323141313
31221232444322244322334221241223211321132221443124322222322344231233124323131342
22321244314423224333322243134343322311224323333234244432424431312114132341324344
32142224113432312432321412332233443422211311314341143231423242323334434222243244
31144122312222132333344424232343424222221223144241333343344432224443244221444332
31312311432321114124444422142414232111221342222343224312141222243442112413242143
24342313324222412221214334423242222223241413232122442232221442324324132414223434
42221244332242243434141334322421223433422212224232142424422224442214234421223232
32241144142442233214441222223123232321222242244342222424211223411321324222221314
32212232422241123223312334312222242224312132242343224221314421443224134333244414
23342232334222432442444421222243212213342232344212234424421142313322123233331223
24133323122242232422222221232322334441224313223434334444132434224243244322411141
23222413224222244142232233132321341431133224333214232342222322444324233243343444
42241322423244221241123432231222213332243241443322411444234412223222212434223343
13424222242322241232112231222422131331212411432324423224321243213224222241131222
42221232143312343222424222412214431142431242441324324211222221433432444123422143
34222424433123231243123212232211424324423124222441241243232241224323241234333441
31422234412442341442433214243334232223224424332342122121442214234322243311231334
34322132422213122431243324443322242332121232413113414224242334434342221223432322
44244233432134243313221244214314443343441132212113321242343342124132241223422222
31122143214422222222134213221242224333434312333222224211224332344243434232244241
32124423224132232242212214234433441341223141144321324422223331322224111311212314
21423333224222131134332413312231333334444332433241224231322424122244341233142233
23241323213423324233221431312122243442132432143444223342222332211443242433421243
23234322242221421142224224413223423422324223232443131323142122243443122112323223
21222433224422124211444124234232432222322433222243412314122222422211222144214124
33131242212131442222322221222313124242212141144234444422232224213242431333122341
21432344424221222124311224121143222233114443111443142412222142241233223223342442
23222333123323212232242244121241442123231321443222314232222142222414332432424333
32333243211232212412224444422134314312224444341422214134242444342232124312313124
22424324322344323144143242244112144221224332422322442224222224321234221432233343
34424313333112223234233212333422223234223142242323433442443223222422323321222132
32443222321214421222143443223223422221322343322244414322124212322443441324244313
14233241322342132132212221431232132144412223343212421342432313114221233232332434
23123231212222424313112233432312331124233124112432334321422233323414323344241332
21444123212241224422411442132421312342112322244123124144421242222243224233422222
11331133442143342122232222213341142224144324342321223212344213134134231322422411
21323323332132132243142332442334224444432422212422424312432223141323221234234432
24224344322233133231332344433134323434223321132334442242243342234224244324222414
34222242132144113244113122333243221233222212232122312222234313432442442433433143
32444334124232234124242231223122344333441333343442421344231243221421422132334224
12224343424434434412323241342423442411214313232122322134434224233313323433111213
23441222332241321144122314243243222414434112142121434221432242142244333411412322
24222223221432124231442434223213442412342223221244321213322212342442224321232232
12223221432343432243142442442242322413331132314324242214243222414424234243341322
24234434122342422212212314422344323222142234134223441424234342322443444224423343
21232223122143442233422223324342324442333111232413124343212132233242423222133323
42242423323242232443212143313232222443231233341213424212433214433414224133244113
32222443242222241323344221432121243324322133424432232132232114424223233343334343
21212222334423322423221143223443244242144422412414124343221223422444221332422424
23322422342442144124221232323122133214432323322422223122444232344424232341244132
44222432422313322213343332441313432212333422342232323212442422233222342441113132
42214134143442141442433333323414421234432432132343422324242333342231434334242312
44422424412322232433224312423312133414144124122232424144312322214213443112341233
33321442222231312322133422421322413224232324143333122322422133332222242444424132
32223113212113233232424441422422442442213244344424414143443233344322332221242222
32342421322234244122144334422422244213124242444322123221341242221232333243431112
11222412422234422322242431222343223142434243344342432223241323413242441244233233
44433422342342331223213124231341231423412333222423343242122212234333432423322211
32444324234441244313433234334414242132234324441423222141222233242242133322413222
44321214441324232212244242321322124443243321224243221442422314323243442334223232
23231313122422234121142121422424212232432343424223132442424322231223233343143141
33234121241424121443422344122332233434124242241224142231144323222333221434144242
24142122323331231442323212233322242223332442314244432242233332244214242434141334
44224422312232322422222332231214123233132322222222343243434233322242341242231344
33142212424124344342232224222242331422223214244222144342242113212322222234443314
24233322232333221223214324223432234343434244142341434223134223213334134123242432
32422343322423432242234244223432232232132123234212233341343134142214133443422322
12412334344322241222221342143223342241312422423112421243224431113241213242311211
41242133422323332443332421224221132313313142421323123213333422333234424211414241
12141342334432313243422142222412423324212434223432424133222424422332424232123221
43331423114423423423323242432422321323242322224424224424224242222312324423424242
