22442242233222222222232232212244222242221234222222332332423232322242324322232222
23222242432412223323223224444232232442231422222343233234322224244242242242222241
22222223422222242222412222434322423112221332332243223221222242234243244324322223
22343322233242232223224432443342222224242222223441222422234222312341422321442223
22222222212322222422222324232224223432223222222222422133333222224342422422412422
33322242212222422424322232232324323332212222344421444432231223324224224232222222
24223122242232432433223223232424342223222442223422222224222422232232423212242222
42423222244422441422224122222323242134242222232442322223324222224243222221222422
42322124344223321322222221232422222442222222232231222222232324422322242242322422
22222224232224324214322342222344242242324322232322342322432232212144222342332222
12234322322243424223422223232244322222442223332424422222222421222222223224323142
33212241222242222222223222223242224234422222214222222232424344324423234224224323
21222233224242242223134242122312344232234224322232133234323222322424242422223223
22311242223322222222223242234223344232212324324222232324222434222222441422322222
22112242222224323244123233232241222321122242223222222223434234222222232322222223
42342224232234432222324322312222422224222222222243222342242212322242222223423221
22223424223222324331332334222421423244223222234432312442432321222322242242432222
24344223424423222432242223424123343223232422322222232242222222222223423241242422
24233342332222242333242442122222344422222322343222224343244222224143231424222442
23441222224242222422223233222222422443222234232214222131223322422422222224234242
34213432232223322322221414222344332432422422222223221333214242323223324344222223
43322323221342342222422424222323444222412242422242233322242222232433224323142224
42232112222432232422222222422224123224222223224222344241324223223334222222424323
44312433412214122223422222223232323332232223343224422242121224233223222332424422
33342212222222224224312222432224424232132242243224422222242242224232242413232222
22222112222324244342324232222222432422322222222233222223232142224413244222234222
22232222124443322422232212222222422243322332344222223232422422232222442223242234
22222322223422234124324432222222421232434413123141222222242222222424222121143323
33422332224222322422322323442422224231242244224224224232342332232423242223224224
22324112322422231232223224222422222322234212234222324242224422434222422222123223
22424232424212223423242444233224243122122322442222222234222222241242433231242222
22222242422332322223242443242412332223222222222321422232422212324242122242213222
23323222222222222422422232423242223232242224213422222222222122241422422212222332
22243224422323222323233224224243332222122224224223224344222321422223322232333222
32324232222332222242334214422224222334232412222332442224433422234123244222232422
32412242234242242323222321222222244122222242222242422243223442221244224324222232
42232244232222343321322232243222222334424222222332332432224222242221324232322422
33224221323224222344144322222423212224222243222244424323244243212214423222233332
32422442222312241224434222312222234124324222322221322222444342342322222442234323
33223423233222232423224221322222212222244232223242422222224232222223322244322122
22222324224222222421224322222224423123244244442222224222343432132342232332242242
32222222432242344242222234242242242323223222222223422432322222122224122341444222
23212234422334222221224234322423344222242232224224323422224344234422222434242424
34422422223221143224222212322422322232442222222322422223422233222132321124342411
34234122334244322222222222322233232242222222224322222232333322224224224223231342
12232423221244423333224322223242242333342232423242422122223212242423432442234424
22113223222322222222242242322132222222221232422222222232243224334322423322222233
22442222244334222234232222322422332333341442242224233241422224344223221223222234
32222222234232242241443232323432422223222224322222223432222124242223223423222242
24424224332222224222442224321222342223413243212212224222222323322324321432232232
34424422222222212233222322222422244132223222312324222223223434232223423223222222
22322222222222223224222443222221224323222232222242223232341233212422242323122432
34244432222422322323222323222223222222223242432242222242232212234223434232322122
43231224424222342242132241224232222434123322322422222242242224232222323412224222
42322222342322222122124244441322241222222312222222224221232233322232232323433222
24224222233322222223323322312342242342234242422113422323232142232222224221222444
32313342232222413144222323444232242232312343222222442222221422442222234122422422
22332222323234324321334132234322322224212242223422221121242122213224223222224222
22323442323232222243322243243323414444242222214222423442442224424421233432222422
23222222224222222422333223422242243234343423222124222232423222223222322322432333
32322212424422222233343232423234213332232444222433322422132322234224232234222224
22222422324322224223223222312232222242222222222223222223223223222234222231342222
32242122422243222223223442322241232332242222222223222243443222324232234422123332
22242222422122322222224342431232223333222242344223134424442423442223223424433222
24222342342222222222222222224224222142323222242222342243432222323242222322322432
22222422341222441322222222432222323122233322422122222223422241222222243322222233
22223322421324324122432323442232222342422342422234222224232242324224322232222242
12222232322222342142141422244243332322234124323322223232242422422244242222322233
24323222224231223442123232242422322232231224332231422222233334422323222222223322
22442322223322342422222423244242313432423234333141243232322422422222223232221433
22222342242242324224324233222422222342242121224324223242123224444124432422323222
34334223342242322432321432342342242223234222322342422222442322222243344422222233
33324223322232223232321232422242233322342422244223322242233244343222232221342413
24342222322123224244234234332222132223222222232222412232242333222442422223242122
22123222222233342214222332232222232322322233222322322222212222223322222221222222
22223133223222323433212322232222222223222232422223342222424222223222424232432322
22224232434322242222241324243223232442222422342222222123221332332232232414242222
32223422443222422132232222333121422222322234322222442422322432222222422221324232
32232321122323432221222223333222232222442222132422221223442432322222244323334242
42243221224221422332222223432222122243222232322132232242123332242232422424242322
34421232324242222212222322442422442444333212223223242222223212241212222242422132
42222442222222423242222313244421242112222432422242224243223222222222242331223442
22222122222232244222242222424234232322223442232422243422322424221242141233223424
22412223232221232434232244322122343121233242422244432422242422242423434423232322
43322414222224222222223342243243223232233442214321222222322212222223442232422223
43422233222312243422242423222224322222224423222233221223442132222422444244224322
22333341422243222222221223222242124322224224222321433432442123422244241222242242
22222224223424221422222244434222422222421242224222234242222222223412212321423332
32342222432222223234222423342224223222222242432434232234244322223243222422213322
23423222222222422222424223131244232122222242222332322223233322222423232224223322
12422123322242232432132241222223323432224233422222323222232423232233324432332122
32233223424142244442322224421232434342431222442223322242222224223244424444222214
42342232222222342242222223222222323222212222223424223212222212342332222422332222
22344222222423222424432132222422422431222242223232222222232221324222222232433223
13122242222432242223241224422422222222332422222222232222222221423423332221324222
22244432424122442322224432332313342241322442322242122222232243321122242122442232
24412224433224332242222112322221224422232221242233422222242424323232232232342223
22224322444222343222323223422242222242212224423342222211422232332443422424322214
22222223222442222234222432224322344322242142242233443424233222422344212322222222
13222424124224223342324224222212222143322214222432234223243222222221422323124323
24224222443232212232214224221222223222222322314224243234222222323323232442422421
23223222242233222224434222414423423332232212244444424214442221232321442224222414
22222442222421242234232224422244232432422222133124322142323222222241222422222232
23443224232432443234142222422322242212122222124222224242221222232233122232222222
24213444222232234424222232433441332232222324322223412132243242322322422324243422
22222243232223232332244122231221222432224432242224224242132222222242222442224222
44322223312322432221344142332432222122222342223222242232222242324232223424223243
22324232232214424444222232222432333422232222331224234222123222222244122422222243
24322442232424222242322231422222323222424243442233422332222243242222232224322321
24424231442222222222342222322222243224222322224422422222323322344422222441422322
14334242432343242234222223224224232423233233223322222422434322234223323224223442
22432222222243223333343222324242342244223232224222422221223222232221322342442224
24222234224223223232341222242244222224242324324224224322333421124224324222222232
12442222242132422322222243332222242422412323332412134242442323344422222222223423
12232324423222224433424223342223442324341221222232242422222332324212324232233432
32243432242422222243242242224224242421433212233244223232322223222222442244232441
34222222222222441222222414222242214242132234224122213344221223223242214222242222
34424222244421222324432132322222222222322224332443242232224222422322324324222222
22222442342242242214214123313442412233324222223344243322342322222234232221222332
42223342224423333242222222244443242222132242242222323214422422233242322222232342
22243322422223342222223242142222122423222232434423232222222212232222422342222422
23322223223223221222422242232332332132322222222224242222232343424342322223221222
32222241322422232222221242322242443422423322223242222243222232224232222322232232
42343122422322221331224234122232223232242222224222242244223223222422423243222322
