32322242222222222422222222222332422222222222222232222222422322224222322242222222
22322222222222242222222224222222242222222223222244223242132242232222232322222222
24222322222222222222422422222322232232222122223232432222242221222222222224332222
22422242222212222222223222423242222222222223222222212222222222442223222222224222
22242232322222242422223222222242222222222224222223242222422234223222224222322424
22222322222422232222232222232222223222222222232222232322222223222222222234322222
22323242222222222222424242222242223323222222222222222222232421222422222322221223
22222222222233222422222222223222222222224242224222222222223222242222123222222222
22222222242222224223222232222244323422222224222223432224222223232222222223243222
22223222222222222222222232222222423322222242223422222222422224222224222223242222
22322224242222222422232244224222232224221224222232222242222342422222242222422322
22222222422232222322242222242222242242222222222222242222242224432323232222223232
22222322223222224222222242222232222222224432223224242223222232222222422222222223
22222222422222222222242442223322222222222242222322222322222222442222222222222223
22222223222232422242242222221222344222222342122222342222222424223223232222223222
22223223222242242222222242222242242422212232222222222223222222222222222234223244
22222244224222421222222212222222222224322224222222322222222222344222222232222422
22222222222242322222222222222242222222232224222222222222422232223422222232322222
22222232222222224242222222422322222222242223244222242214222222222222232223222232
22222223222222322222222232222222223422222221222322222222222222222222424232223224
24222222222222222323222222224222222222223222222422422222243222222323222332422222
22224422222422222232322222222222222222222232222224222322222222422422223242232221
32244222322222222242222222443222222222222242222222322222222224222422222222222242
22322224422342222242222222222123224222432222222222222222222222222322322222323222
22222222222222222223222223222223223222224222222212222222222223222222222222422232
22222222243222423223333222242223223222222222222322222322322422224222222222242222
22233222222122222242222222222222243222222222222322222322222222222222222222222222
22222222222222222223414222234222242222222222322243242222222422222222222222222223
22242232222222332222112324223322222222242232322222224222422322222422444223222322
22422222222222324222232222224224222222222222224222222222222232322222323422222222
23222322232232423242442422222322422222222243222222222222423223232222222222222222
22222222222223332242232222222222222244222322423322223222224223222222222242422222
22232222222222322222222432222224222222223222222234232222224222424242422224224322
22224242233222222222223222322322224222222243222422222222222242232222422222223333
22222222222423223232442233222223122242342224422234222222222242222232442222222242
24242242222222242222222422222232222242222422222223232322222244142222223222222222
22222244324222222222322223222223224224222224422222232222422232222222222224242222
22222224222442223224223222322222222222222222423222222222222242223222222222422222
22243222242424222222222222244222222243222232222244224224222222222222222222222242
32222222222223322242222222322222223222224224242222233422222224322422424222222222
22422222222224222221232222243222124223222222323232222222242224232422222242122222
22222222222423222222242322133222222224322222222222222433222342222222224422232233
34322222222322222223242222122222223422222222222322223244222223232222221222242222
22423422222422234222222222424233222222223322222222432222222222424224224222222324
23242222223422212322222222222442322242222222221322222222224133222322222222222224
42222222222242321232222222222222222222221223242224222222222223242242224223222222
22222322222422232432322223222222422322422222232242224222222342222423222222223222
23432224422222222222222122222242222322222221222422224224242222222222222342242222
22222222222222222222222232222222223223222222242232222322222332322232234323222222
32222222322222222422222322423222222222442222222322422422322222222224212222222222
22232222432222222222222222222223324222222322222222222224242224242223222222222242
42223322222224244232422222222222222242222232222222422222222222222222212232132222
32222242322322423222222222222232222222222232222222222222222242222224222222233222
32222232242232222221332342222222324222224222222224322222222242222222422244222224
22222224242442222242222422222222422222332322222222342322222222222222224433232224
22223224232222222223232222122222222222222222222232222222222222322222322223223232
22122242222322222222223222222232222222232232232222224222224222222224222222223222
22222224222222224222222222222233222233222222222222433222222222222224441222422222
22222222222224242232322222222223222422241222222222222242422422222222222222222222
22222324222222244222224222222222323222232422222222422224222242222422222222242222
22222244232422222224222222222233222222242224232223222222222423222223324222222223
22222224422242222222242222322223222222224222222222222222222222443224222223322222
22222222232242223224223242422222224222442222222222223222224242232222222223222222
22222222222222422222222222232342422222222242224222423224222222222222322232242232
22422222322242224422223222222222222224422222422321222222222222222222324222224222
22223322222224222222222222322244224222223222322222222222222222223223222224222242
22222424322222222122222222222222222222222224232222122222322322222212242222222222
22222223222222223222222224322242222232223224222222222222222222322243242242224224
22222324223232232212222222222322232224222242232424224222232222422222222222222222
32222422222222222222242122222222224322222232222242232222242422222222242232222222
22244242222232232222342224242232332222322422222222443222322423232224223242223222
22422222222422223423222422222222232222242222222222422422222222224223224224222233
22244222224222222222224222432424223242432222222222223222222224232222232222244324
22232222322422223222242224224222222422222222232223422222422422221422222242223424
22342222233332223224242222242222422232444223222222224442222343242222223222422224
22222222242222222232222222222222332232222242223222222222222222222422222222222242
24243322222222222222324233222221222323222442223222422222224222222323223222222222
23222422224224232222223222222224222232222222222222322222323242222222223224222243
24222232422222222222222222122222224222242422222422222222242242222223222224222222
32222232222221222422222422322222222222222224222222242242222222223422422222242242
22232222222223222222222222222232222322342222222223222222422222222222222232222422
22222222423242222222222422222222222222222323224222222223222322442222242222221323
22222224242222222222222222234222222232222222222222222222222224222222242222222322
22422222222223422223222223232232222222244222222222243242222222222222224222222232
12222222222322222232222242322322242222322223232233222322222222322222422222224222
22322232223221224332224242422222222222242322222442322223232222222222324224222222
22222322232234222222322232224322322222222222222322222222222222224222242222222222
22222222222222224223222242222224222442222222222222222322222232224222222222222222
22222222232322222222223232222222222322222242222224231224422242222224242222242223
42422223332222222222342222242222222222222223222243223212243224222223224222223324
22233222222222222422222223222444222222222222222222242222222222422222423222222322
22222224222322223242222312222322222222222222224222322222222222234224222322322222
23222223222222222222242222223222222222224222432324222342224222222222222222242222
22322224222222222222222222222222223222222222422224242422222222224422223222232423
22222342242232222222222424222222342322222222222224222224222222242224232222223222
22222222222222222222224222233224222222424222222222322222232322222223222222222222
23223222222222422422222222222224222222222224322224222222222222242222242424422422
22242222222233242222232222232243223222323222224223232222422323222422222222232422
22222222222222234242222222422222224242422222323222222243422222222222423332222223
42422222222222442322222222222222222223222222222222222222223222223222223222242222
43242242222222232322222222232233222222222422242322222221232322242322422322223222
22242222234222244242222232224222322222222222242222322222222222222222222343442212
22242222223222222323224232442222224222222222222222424322223222322222222222232222
42322422224222222422242224222222432222432222224422222222223222322232433224222222
24424222232222243322242223323222222222224232242224244222222222422233232222222242
22224224322222422422222224242222222222222222322222422322222222222222422222223222
22222222223222222223222222222222232242222222424222322224222222233221422222223222
42222224222232222222222222222122224222222222222222243222224222222232222223223222
22224222222242322222222222222222222232244222222222224222222222222224322223222432
22222222222222222242232222222242323222422222422222222422223222222222222222224222
22221222222223222342224222222224222223222222242323222224324224232222323222222222
22224423222232222222223322242224242222322244222224422222243222242222223222222443
44222222224243222242342222222242242222322223224422243222221222222323342222224222
22232322422222442222222122122222222222222222322222222422222222422322222222222223
22242222422322222224212222222222222222122222222222232222222222222222322222222224
22232222224222222322322232222222223442222222223222222222222242222222222242222232
22222242242222222222332322222222222232242344244222222222222222222222222222222423
22232222222222242222222422222222222223422232122222422322232222422222222222222224
22222222222222222224222422222422222222222222222222222242222222222222422224222222
22233222221422222222222243222222221224422242222222222223223222222222322222322322
22233242224424222222221322222222224324222222223242324223233222242222322232242222
22422223233223422222422234223222232223222422233322222222222222222222232222222222
22222222222222222222242242422222222222422222222222222224222222222322222222224222
22342232232222242222222223222322232222424222222322222322224222222224212242422422
