22222222222222222222222232422222242222222222222222222222222222222222242422222222
22222222222224222222222222222222222222222222222222222222222242222222222242222224
22222224222222222222222222222222222222222222242222222222222222222222222222222222
22222223222222222222222232222222222222223222222222222222222222222232222242222222
22222222222232222332222224242232222222222224222244222422222222222222222222242222
22222222222222222222222222222222222222222222222222222224222222222222222222222223
22222222222222222232222222222222222222222222222212222222222222222222222222222222
22222222222222224222222322222222222222222222222222222222222222222222222222222222
22222242222222232224222222222222222222222222222222222222222222222242242222222222
22222222223222222222333222222222222222222222223222222222222222222234232222222222
22222222222223222222222222222222222222422422222222222222224222223222222232222222
22222222242224222222222222222322222222222222222222222222222222222242222242223222
22222222232222222222222222222222222222222222222224222222222242222222222232222222
24222222222222422222222222222222222222222222222222222222222222222222222222222222
23222322222222222222222222222222222222222223222232223222222222224222222222222222
22222222222222222222222322222222222222223222222223222222222222222222422222222222
22232222222222222222222222224222222222222242222222222222222222422222422222222222
22222222222222222222222222222222222222222222222222222222422222222222222222222222
22222222222222222222222422222222222224222222222222222223222222222222222222222222
22422222222222222222222222222222222222222222232222322222222222222222222224222222
22222222222222222222222222222222222222222222222222222232222222223222222222222222
22222222222222222222222222222222222222222222222222222222222222222222222222222222
22222222222422222222222222222222222222222222232222222222222224222222222222222222
22222224222232222222222222222222222242222222224222222222222222222232222222222222
22222322222222222222222222222422222222422222222222222222222322222222222222222322
42222222222222222222222223222222222222222222222222222222222222222242222222222224
22222224222422222222422222222222222222222244222222222222222222222222222222222222
22222222222222222222222322222222222222222422222222222222222222222222222222222222
22222222222222223224222222222422222222222222222232222222222222222222222222222222
22222242222222222224222222222222222222222222222222222222232222222222222222222222
22222422223222222222222222222222224222222222222222222222222222222222222222242224
22222222222222222222222222222222222222422222322222222222223222222222222242222222
22222222222222222222222222222222222222222222222222232422222222222222222222223224
22222222222222222222222224223442222222222222222222222222222222222232222242222222
42222222222222222222222222222222222222424222222242222223222222222222222222222222
22222222222222222222222222222222222222222222222222242222222222222222222222224222
22222222222222222222222222222222222223222222222222222222232222222222222222222222
22222222222222222222222222222222222222222222224222222222222222222242222222222222
22223222222222222222222222222222222222222222222222222222222322222222232222222222
22224222224222222222222222222222222222222222222222222222222222222222223222222222
22322222222222222222222222224222222222222222222222222222224222322222222222222222
22222222222222222222242222422222222222222222222222222222222222242224222222222222
22222222224222222242222222222222222222222222222222222222242232222222212222222232
24222222222222222222222222222222222222222222223222222222222222222222224222222222
22222332222222212222222222222222222223222222222223224222222222222222222222222222
22222222222222422222222322222232222222222222222222222422222322222222223222222222
22222322222222222222222222222222222222222222222222222222222222222222223222222222
22222222242222222222322222222222222222222222222222222222222222222222222222222222
24222222222422222222422222222222222222222322222223222222222222222222222222232222
22222222222222222222222222222222222224222222222222222222222222222322222222222222
22222222222224222222222222222222222222222222222222222222222222222222222242222242
22224222222222222222222222222222222222222222222222222222222242222222222222222222
22222222222222222222222222222222222222222222222222222222222222222222222223222222
22222222222222222222322222222222222222222222222222242222222222222222222224222222
22222222224222222222222222222222222222222222222222222222232222224222222222222222
22422222222222222222323222222222222222222232222222222222222242224224222222222222
32222222224222222222222422223224222222222322222242222222222222222222222242224222
22222222222222222222224222222223222222222222222232222222222222222222222222222222
22222222222222222222242222222222222222222222242222222222222222222322222222222222
22222222222222222222232222222222232222222242222222222222242222222222222222222222
22232222322222242222222223222222222222222222222222222322212222222222242222222222
22222222222222242222222222222222222222222222222223222222322222222222222222222222
24222222222222223222222222224222222222222222224222232222222222222222222222422222
22222222222222422222222222222222222242222222222222222222222222223222223222222222
24222222222222222222422222222222222222222222222222222222222222222222222222222222
22222222222222222222222222222222222222222222222222322222222222222222222222222222
22222222222222222222242222322222222222223222222222222222222222222242222222222222
22222222224222222222222222222222222222222222222222222222222222222222222222222222
22222222222222222322222232222222222222222222222222222222222222222222222222222222
22222222222222222222222222222322223222223222222423222222222222222222222222222224
22223222222222422222242222242222222233222222222222222222222222222222222222222222
22222222222222322222222222222222222222222222223222222222222222222232222222222222
22222222224222222222222222222222222222222222222222232422222222222222222222222222
22222222222322222222322222222232223222222222222222222222224222222224222222222222
22222222222222222222222222222222222222222222222222222222222222222232222222222222
22222222222223222222222222222222222222222222222222222222222222222222222222222222
22222222222222222222424222222222222422222222222422222224222222222222222222222222
22222222222222222222222222222332222222222222222223242222222222222222222222223224
22222222222322222222222222222322222222222222222222222222222222223222222244222422
32222222422222224222222222222222422222222222222222222222222222222222222224442222
22222222222222222222222222222222222222222222222222242222222222222222222423222222
22222222222222222222222222222222222222222222422222222222222222222222222222222222
22222222222222222322222223222422222222422224222222224222222222222222422222322222
22222222222222222242242222222222222222222222422222222222222222232223222222222222
22222222222222232222222222222222222222222222322222222222222222222222222222222222
42222222322222222424222222242222232222222222222242222222222222222222222222222222
22222222222222222222222232222222222222224222222224222322222222222242422222322222
22222222222222322223224422222222222222422222222222222222232222222222222222222242
42222222222222222222222222222222223223222422322222242222222222222222222222222222
22222422222222222222322222222222242222222222224222422222222222322222222222222222
22222222222222222232222222222222222222222222222223222222222242222222422222222322
22224222222222222222242222222222222222224223222222222222222222222222222222222222
22223222222222222222222222222222422222222222222223222222222222222222222222222223
22222222222222222223222222222232222222222222222222222222222222222222222222232222
22222222222222222222222222222222222242222222222222222222224222222222222222222222
22222422222222222222222222222222222222222222222222224222222222222222222222322222
22222222224232222222222222222222222222222222222222222222222322222222222222222222
22222222222222222222222222222222222222222222222222222222222222222222422222223222
22222222222222222232322222222222222222222222222222222222222222222222222222222222
22222222222222222222322222424222222422222222222222222222222222222322222222222222
22222222222222222222222422222422222222222222222222222222222422222222222222222222
22222222222232224222222223222242222222242222222222222222222222222222222232222322
22222222222222222222222242222222432422222222322322222222222222222222222222222222
22242222222222322223222222222222222222222222222222222222222223222422222222222222
22222222242222222222222222232222222222222222222222222222222222222222222222222222
22222222222222222222222222222222222222222222222222222222222222222322222222222224
22222222222222422222222222224222222222222224222222222222242222222222442222222222
22222222222222222222222223222222222222222222222222222222222222222222222222222222
22322222232222222222222222322222222222222223222232222222242222222222222222222222
22222222222222222222224222222222242223222322222222224222222422222222232222222232
22222222222222222223222222222222222222222222222224222224242224322222223222222222
22222222222222222222422222222222222222222222222222222222222222222222222222222222
22222222222322222222222222222222222222222222222232322222222222222222222222222222
22222222223222242222224222222222222222222222222222222222222222222222222222222222
22223223222222222222222222222222222222222222232222222222222222222222422222222232
22222222222222222222222222222222222222222222232222222222322222222222222222222222
22222222222222232222222222223222222222222222222222222222222222222222222222222222
22222222222224222322224222222322222222422222222222222322222422222222222222223222
22222222222222222222222222222422222222222222222222222222222222222222222222222222
22222222222222222222222222222222222222222222222222222222222222222224224222222222
22222222222222222222222222222222222222224224222222242222222222222222222222322424
22442222242222222222222222222222222222222222222222222222222222222222222222222222
22222222222222222222222222222322222222222222222222422232222223222222222222222222
22223222222222222222222222224222222222222222222422422222222222222222222222222222
