22222222222222222222222222222222222222222222222222222222222222222222222222222222
22222222222222222222222222222222222222222222222222222222222222222222222222222222
22222222222222222222222222222222222222222222222222222222222222222222222222222222
22222222222222222222222222222222222224222222222222222222222222222222222222222222
22222222222222222222222222222222222222222222222222222222222222222222222222222222
22222222222222222222222222222222222222222222222222222222222222222222222222222222
22222222222222232222222222222422222222222222422222222222222222232222222222222222
22222222222222222222222222222222222222222222322222222222222222222222222222222222
22222222222222222222222222222222222222222222222222222222222222222222222222222222
22222222222222222222222222222222222222222222222222222222422222222222222222222222
22222222222222222222222222222222222222222222222222222222222222222222222222222222
22222222222222222222222222222222222222222222222222222222222222222222222222222222
22222222222222222222222222222222222222222222222222222222222222222222222222222222
22222222222222222222222222222223222222422222222222222222222222222222222222222222
22222222222222222222222222222222222222222222222222222222222222222222222222222222
22222222222222222222222222222222222222222222222222222222222222222222222222222222
22222222222222222222222222222222222222222222222222222222222222222222222222222222
22222223222222222222222222222222222222222222222222242222222222222222222222222222
22222222222222222222222222222222222222222222222222222222222222222222222222222222
22222222222222222222222222222222222222222222222222222222222222222222222222222222
22222222222222222222232222222222322222222222222222222222222222222222222222222222
22222222222222222222222222222222222222222222222222223222222222222222222222222222
22222222222222222222222232222222222222222222222222222222222222222222222222222222
22222222222222222222222222222222222222222242222242222222222222222222222222222222
22222222422222222222222222222222222222222222222222222222222222222222222224222222
22222222222222222222222222222222222222222222222222222222222222222222222222222222
22222222222222222222222222222222222222222222222222222222122222222222222222222223
22222222222222224222322222222222222222222222222222222222222222222222222222222222
22224222223222222222222223222222222222222222222222222222222222222222222222222222
22222222222222222222222222222222222222222222222222222222222222222222222222222222
22222222222222222222222222222222222222222222222222222222222222222222222222222222
22222222222222222222222222222222222222222222222222222222222222222222222222222222
22222222222222222222222222222222222222222222224222222222222222222222222222222222
22222222222222222222212222222222222222222222222222222222222222222222222222222222
22222222222222222222222222222222222222222222222222222222222222222222222222222224
22222222222222222222222222222222222222222222222222222222222222222222222222222222
22222242222222222222223222222222222222222222222222222222222222222222222222222222
22222222222222222222222122222222222222222222222222222222222222222232222222222222
22222222222222222222222222222222222222222222222222222222222222222222222222222222
22222222222222222222222222222223222422222222222222222222222222222222222222223222
22222222222222222222222222222222222222222222242222222222222222222222222222222222
22222222222222222222222222222222222222222222222222222222222222222222222222222222
22222222222222222222223222222222222222222222222222222222222222222222222222222222
22222222222222222422222222222222222222222222222222222223222222222222222222222222
22222222222222222222222222222222222222222222222222222222222222222222222222222222
22422222222222222212222222222222222222222222222222222222222222222222222222222222
22222222222222222222222222222222222222222222222222242222222222222222222222222222
22222222222222222222222222222222222222222222222222222222222222222222222222222222
22222222222222222222222222222222222222322222222222222222222222222222222222223222
22224222222222222222222222222222222222222222222222222222222222222222224222222322
22222222222222222222222222242222222222222222222224222222222222222222222224222222
22222222222222222222222222222222222222222222222222222222222222322222222222222222
42222222222222224222222222222222222222222222222222222222222222222222222222222222
22222222222222222222222222222222222222222222222224222222222222222222222222222222
22222222222222222222222222222222222222222222222222222222222422222222222222222222
22222222222222222222222222222222222222222222222222222222222222222222232222222222
22222222222222222222222222222222222222222222222222222222222222222222222222222222
22222222222222222222222222222222222222222222223222222222222222222222222222222222
22222222222222222222222222222222222222222222222222222222222222222222222222222222
22222222222222222222222222222222222222222222222222222222222222222222222222222222
22222222222222422222222222222222222222222222222222222222222222222222222222222222
22222222222222222222222222222222222222222222222222222222222222222222222222222222
22222222222222222222222222242222222222222222222222222222222222222222222222222222
22222222222222222222222222222222222222222222222222222222222222222222222222222222
22222222222222222222222222222222222222222222222222222222222222222222222224222222
22222222222222222222222222222222222422222222222222222222222222222222222222222222
22222222232222222222222222222222222222222222222222222222222222222222222222222222
22222222222222222222222222222222222222222222222222222222222222222222222222222222
22222222222222222222222222222222222222222222222222222222222222222222222222222222
22222222222222222222222222222242222222222222222222222222222222222222222222222222
22222222222222222222222222222222222222222222222222223222222222222222222222222222
22222222222222222222222222222222222222222222222222222222222222222222222222222222
22222222222222222422222222222222222222222222222222222222222222222222222222222222
22222222222222222222222222222222222222222222222222222222223222222222222222222222
22222422222222222222222222222222222222222222222222222222222222222222222222222222
22222222222222222222222222222222222222222222222222222222222222222222222222222222
22222222222222222222222222222222422222224222222222222222222222222222222222222222
22222222222222222222222222222222222222222222222222222222422222222222222222222222
22222222222222222222222222222222222222222222222222222222222222222222222222222222
22222222222222222222222222222222222222222222222222222223222222222222222222222222
22222222222222222222222222222222222222222222222222222222222222222222222222222222
22222222222222222222222222222222222222222222222222222222222222222222222222222222
22222242222222222222222222222222222222222222222222222222222222222222222222222222
22222222222222222222224222222222222222222222222222222222222222232222222222222222
22222222222222222222222222222222222222222222222222222222222222222222222222222222
22222222222222222222222222222222222222222222222222222222222222222222222222222222
22222222222222222222222222222222222222222222222222222222222222222222222222222222
22222222222222222222222222222222222222222222222222222222222222222222222222222222
22222222222222222222222222222222222222222222222322222222222222222222222222222222
22222222222222222222222222222222222222222222222222222222222222222222222222222232
22222222222222422222222232222222222222222222222222222222222222222222222222222222
22222222222222222222222222222222222222222222222222222222222222222222222222222222
22222222222222222222242222222222222222222222222222222222222222222222222222222222
22222222222422224222222222222222222222222222222222222222222222222222222222222222
22222222222222222222222222222222222222222222222222222222222222222222222222222222
22222222222222222222222222222222222222222222222222222222222222222422322222222222
22222222222222222222222222222222222222222222222222222222222222222222222222222222
22222222222222222222222222222222222222222222222222222222222222222222222222222222
22222222222222222222222222222222222222222222222222222222222222222222222232222222
22222222222222222222222222222222222222222222222222222222222222222222222222222222
22222222222222222222222222222222222222222222222222222222222222222222222222222222
22222222222222222222222222222222222222222222222222222222222222222222222222232222
22222222222222222222222222222222222222222222222222222222222222222222222222222222
22222222222222222222222222222222222222222222222242222222222222222222222222222222
22222222222222222222222222222222222222222222222222222222222222222222222222222222
22222222222222222222222222222222222222222222222222222222222222222222222222222222
22222222222222222222222222222222222222222222222222222222222222222222222222222222
22222222222222222222222222222222222222222222222222222222222222222222222222222222
22222222222222222222222222222222222222222222222222222222222222222222222222222222
22222222222222222222222222222222222222222222222222222222222222222222222222222222
22242222222222222222222222222222222222222222222222222422222222222222222222222222
22222222222222222222222222222222222222222222222222222222222222222222222222222222
22222222222222222222222222222222222222222222222222222222222222222222222222222222
22222222222222222222222222222222222222222222222222242222222222222222222222222222
22224222222222222222222222222222222222222222222222222222222222222222222222222222
22222222222222222222222222222222222222222222222222222222222222222222222222222222
22222222222222222222222222222222222222222222222222212222222222222222222222222222
22222222222222222222222222222222222222222222222222222242222222222222222222222222
22222222222222222222222222222222222222222222222222222222222222222222222222222222
22222222222222222222222222222232222222222222222222222222222222222222222222242222
22222222222222222222222222222222222222222222222222222222222222222222222222222222
22222222222222222222222222222222222222222222222222222222222222222222222222222222
22222222222222222222222222222222222222222222222222222222222222222222222222222222
22222222222222222222222322222222222222222222222222222222222222222222222222222422
22222222222222222222222222222222222222222222222222222222222222242222222222222222
