11112122211222221112122122112221222211221121111121222112111212211211222121211222
12212121212222211111121122221121121112211111122112121222112111122112222121211122
12222122111121122222121212122121122122222222221111211121121212111221222212211112
22122212211212121111221122121222212212222112211212111212222211221121112211221211
22211122121122111111221212221212212221221212212121222212111222212112112122122212
22222122122221221222212122112221121112111212121111222222222222221211222111111222
21122121221112222111222121212221211121221122111112212211112122121221111112112212
22111222222121221221211112111212211222212111122112211222211121221212121212121212
11221111112211222112222111212112122121112221111122222222111122111112112112111212
12112212222112211122112111121222122122222111212121211222112212111111212112222111
11122111112222222112112112122222221212112112222212221212221212211212211112122211
22111212111111221122221221221112111212121121221121121122212212221112221121111212
12121221221221222122111211111111211122221212211112121122211112111221222211222212
11222212211221111112221111222212222121111112212212221122112222212221222111221222
12121112111111122111222112211222122221211111211122212211211221211211112222111211
22222221112112111211222221221221121112111122121111111212212112211211221221122222
12212111111112122122212212222111112121122122212211122111112212212221211112112112
11221212122211211112211122222111212221112111111121221212221221111211212112121112
12112212222212211222212121122121111111221121111112212121111121221211222111211122
12212211111222122212212212121211212211122211111221111121111111222212222211112111
22111222122212111111212221112222112212122211211111111212122212212122212111112222
22112211211112122222121211122211111221111112111211211122112112111112111221122121
12212121211221221112122111112112212221221122221212222122121111212212211122222112
12112212121112211221211121211111211112211111122212221112212212212222121212111221
22112211112111222221222221112121112222211122112111221211212211121112222211112122
12212122121222111121122212222221121121122121222112122211121121122112121111222211
21122211221212122212211212111112122221112111212122122111122221112121121221121221
11112122122212222122221122111112111222111221221222112221121121112122212222222221
21122212112122111112211221112121212112122121221112211221121112112121221111121222
22212221121122111221112212111222212222222111112221122122122211122221222121112121
21122221122111112211121122112121112111111221211212222221121111121212112121221211
21212111111121122111112111222111112212112111121112222111212122121121121221112111
22221221222211211211112111111112121212112122122212121121212211112111111221212221
22212112211112211112121112222221121111212212111122211121121121222212121122112122
11222211211111221211111221122111221121111222222122112122122111122211112212122122
21221111211111212222111221112221211221211222111122211122221122222111222112122121
12222111121221111122121221212121112221221121222211112211121112122222221112222212
11212222212221122121122211122111222212112121222222211111112221112122121122121211
11111111211112211211112212122221112222222221121211222221212222222222221112112212
11222211121112211121222111121112112222111112222122221112111122222222111221221222
22212222121211222212112111122212122212211221211222112222221212212121111111122211
11221212221211222221211212211222222212121212112112211221122122222111112121121112
22122111222221221222211221221212211112111121122121121222112112112122211121122111
12211212212122111111222211212122211121122221211111211111111122221212122211211111
21121222211112211221112111211121112121221121211212212122111221211112221121222221
12221211112122111112112122111221121112222211211112222222212111122121212211112211
11121121121122111221121222221211111111121111121122211211211211211112212221211211
22221222212221212222112221212112221112122121212112212112111122121112211112122211
22221111121221222121122121122112211211222221222122122112211121212111111112222112
22212211222112212122222121221212112221222221211121122222222111212212222111222121
22122212221121111212221121111111221211211211112122111112122112222112112112121221
21222222211221122112221211222212221112222221222211212212222111121221122121112121
11211212222221221212112122212212121121121121122212122111121222122111121112211111
11222222112111121122122222211121112112212122211121212111212212111221112211121211
22212211222222221211122211211211112122112222122122122111221112111211221122112122
21112122212122212121212112221212122111212222211122212122221211111111111112211122
21212122221212211121112222211221111221212222122122212211222111111111112222111222
21122122221221122212122111222111212211121122212221111112211221211221112112122222
12111122212121211112112212212111212222212122221212111112221111222111111222112221
11212121122221221211222222122112111112121112221111221221121121121111212112121111
11121212221111122221112212211222221212222121211212212221112112111222211212121211
22212121111222112212111222121212122111221222211122112212211222121211222112121122
21111122211221212112211112122222212121121222212211122112212122111122222121112111
12221222121121221212221212222212222221122121112121211121122122221122211221122122
12111121211221121122222221212122211211211222211211212221111212121211111212211111
12111121112111222211121122112112222211211121121111111111121111121121121211211122
12211211122222112221222221121111122111211111221222122222221211212212221222112222
11122211222122211111221122112111222222222222212212212211122211211122112211122212
22221111222222211222211122221212212222212211121121212211212221121122212111222212
21221112112222222212211122212211221121221111212112221111121111221111212222211122
11221122122121222122112221221111221222222112122212111212212111112122111112122211
11111121121121121222122111112112211111222111122211211121111121121221112121112222
21121112112221111112211212212111222221222212221211222111221212222221122111112212
21221112122221111122222121111122112121121222111121212222211122211121211211211212
12221212111212221121121221122122211122222121122211112122222212122222212211212112
12122222112121122122221122121121111122211221112221222111111222111222212212112212
11221121121112221121221211112222221211211112111111221122111221121222212111212112
12211212112111112221122122122211112112122212212221212212112221221212112212121221
21221111211212222111211111122221212112212222122211221121212112211121111121211212
12111111221211211212222212212121212111122121111122122121221112121111212222222121
21121221222112211112111222122111112211112211212212222121112221212221112222211212
11111122112222211212111211121212212211111121222212221112111121221121112122211121
11212112121122222112222111121221212222121212212121212212111212111112221222221112
22221211122221221212121211212111112122122222212122121112211212221112222221212222
11221122112112212111122212212222211121211111221211121111212222222112212222221111
22221221121111112111222222112222212112212121211222111221112211211112222211221212
11212211122121121112112221212222122111111211121121211122112212122211212211121222
12212221112222211212122212221122111121211212122122111121112121221211211111222211
21111222111121111112122112212212221221112111121212122121222212222222122212112222
11122221222211121122121122112111212112122121122112111112112112111121112211222222
21212212211211112221221112211112111122212221111122111222112121222222122221112121
11121211211122212121221211211121211112121222112222211111222121121121222222222111
12112111111121222222212112121111211221122121122121211211121222211221211221121121
21122121211221112111112121122111112221221212211112222112122212121112111122112121
12111211111121222222111122112121222221221121122112221222121122111112222211222121
12221211221211111211111122121111212221121212112111112212222121112211111211122221
22211112111112122122111122211121111112122111221112221111122222211221221222211111
12211221122212222112111122112112221112212221211221211212212122111212212111121111
21222122221112212222122111221112122211221111111221212211221122111212221122222212
11112222221111111112211211121122221221111111211112122221221212211211121121221221
21111221111112111211122211111211111221211121211222112121122112122221221211222121
11122212111221111212111121112121111111111221211221222212211211212211222211212111
11122222222211222121211121112221222122122222121121111222112111222111211221111221
21211211211211211112212121212222112222212122221212221122212212212212122222221222
11121111212211221122222212211122212221212212112212211221212121221112212121221121
11111221112111221221221122212112221222121112222122212212222222112222212211211222
22122211221221121112222121221211121111222211122221211211112221121122211212112111
12111122221111112222112112122121112212121111211211222121222121122211212121211122
12222121212222111122112211121222122222212212112222222212221211122212212221222211
12211222121222111111222211211111111122212211222121211112111112221212221221212122
21122212122212112111122222121221212112121212221212211211222121112221122112121112
22112122222212211211211111121111222111222112121212222112121212222212121111122111
22122111221111111112211112222111111112121222222212222111111221222221121221111111
21221222111222221212222111112222122211221111221212212222111112122122221222122221
21112212212122211112211212211121222111121122221222121112122211221212111122212211
12212111111121121121111111111111222211211211221112121111111121121122211121221121
12221111211111211222221111221121211122121221122221221212211121112122121211122221
12222222212112212221112111222221111211111221212112222121112122112111122111211211
21222221112221212112111211111112111221212112112112122212212221112222211122121122
21122112112121212211111221221222212221222221121221222121111212122221121112212111
21221121122122221211221122111222112112122121212111222121212222221122212122111211
22111122212221111212121211222211121221122211122111222222112112211122122221112212
21211111111222122211112221122111111111121212112211112111222222112112112211112112
11221212222221122222222112122111211121112111122122212211222222212121112121122211
