11111111111111111111111211111111111111111111111111111111111111111111111111111111
11111111111111111111111111111111111111111111111111111111111111111111111111111111
11111111111111111111111111111111112111111111111111111111111111111111111111111111
11111111111111111111111111111111111111111111111111111111111111111111111111111112
11111111111111111111111111111111111111111111111111111111111111111111111111111111
11111112111111111111111111111111111111111111111111111111111111111111111111111111
11111111111111111111111111112111111111111111111111111111111111111111111111111111
11111111111111111111111111111111111111111111111111111111111111111111111111111111
11111111111111111111111111111111211111111111111111111111111111111111111111111111
12111111111111111111111111111111111111111111111111111111111111111111111111111111
11111111111111111111111111111111111111111111111111111111111111111111111111111111
11111111111111111111111111111111111111111111111111111111111111111111111111111111
11111111111111111111111111111111111111111111121111111111111111111111111111111112
11111111211111111121111111111111111111111121111111111111111111111111111111111111
11112111111111111111111111111111111111111111111111111211111111111111111111111111
11111111111111111111111111111111211111111111111111111111111111111111111111111111
11111111111111111111111111111111111111111111111111111111111111111111111111111111
11111111111111111111111111121111111111111111111111111111111111111111111111111111
11111111111111111111111111111111111111111111111111111111111111111111111111111111
11111111111111111111111111111221111111111111111111111111111111111111111111111111
11111111111111111111111111111111111111111111111111111111111111111111111111111111
11111111111111111111111111111111111111111111111111111111111111111111111111111111
11111111111111111111111112111111111111111111111111111111111111111111111111111111
11111111111111111111111111111111111111111111111111111111111111111111111111111111
11111111111111111111111111111111111111111111111111111111111111111111111111111111
11111111111111111111111111111111111112111111111111111111111111111111111111111111
11111111111111111111211111111111111111111111111111111111111111111111111111111111
11111121111111111111111111111111111111111111111111111111111111111111111111111111
11111111111111111111111112111111111111111111111111111111111111111111111111111111
11111111111111111111111111111111111111111111111111111111111111111111111111111111
11111111111111111111111111111111111111111111111111111111111111121111111111111111
11111111111111111111111111111111111111111111111211111111111111111111111111111111
11111111111111111111111111111111111111111111111111111111111111111111111111111111
11111111111111111111111111111111111111111111111111112111111111112111111111121111
11111111111111112111111111111111111111121111111111111111111111111111111111111111
11111111111111111111111111111111112111111211111211111111111111111111111111111111
11111111111111111111111111111111111111111111111111111111111111111111111111111111
11111121111111111111111111111111111111111111111111111111111111111111111111111111
11111111111111111111111111111111111111111111111111111211111111111111111111111111
11111111111111111211111111111111111111111111111111111111111111111111111111111111
11111111111111111111111111111111111111111111111111111111111111111111111111111111
11111111111111111111111111111111111111111111111111111111111111111111111111111111
11111111111111111111111111111111111111111111111111111111111211111111111111111111
11111111111112111111111111111111111111111111111111111111111111111111111111111111
11111111111111111111111111111111111111111111111111111111111111111111111111111111
11111111111111111111111111111111121111111111111111111111111111111111111111111111
11111111111111111111111111111111111111111111111111111111111111111111111111111111
11111111111111111111111111111111111111111111111111111111111111111111111111111111
11111111111111111111111111111111111111111111111111111111111111111111111111111111
11111111111111111111111111111111111111111111111111111111111111111111111111111111
11211111111111111111111111111111111111111111111111111111111111111111111111111111
11111111111111111111111111111111111111111111111111111111111111111111111111111111
11111111111111111111111111111111111111111111111111111111111111121111111111111111
11111111111111111111111111111111111111111111111111111111111111111111111111111111
11111111111111111111111111111111111111111111111111111111111111111111111111111111
11111111111111111111111111111111111111111111111111111111111111111111111111111111
11111111111111111111111111111111111111111111111111111111111111111111111111111111
11111111111111111111111111111111111112111111111111111111111111111111111111111111
11111111111111111111111111111111111111111111111111111111111111111112111111111111
11111111111111111111111111211111111111111111111111111111111111111111111111111111
11111111111111111111121111111111111111111111111111211111111111111111111111111111
11111111111111111111111111111111111111111112111111111111111111111111111111111111
11111111111111111111111111111111121111111111111111111111111111111111111111111111
11111111111111111111111111111111111111111111111111111111111111111111111111111111
11111111111111111111111111111111111111111111111111111111111111111111111111111111
11111111111111111111111111111111111111111111111111111111111111111111111111111111
11111111111111111111111111111111111111111111111111111111111111111111111111111111
11111111111111111111111111111111121111111111111111111111111111111111111111111111
11111111111111111111111111111111111111111111111111111111111111111111111111111111
11111111111111111111111111111111111112111111111111111111111111111111111111111111
11111111111111111111111111111111111111111111111111111111111111111111111111111111
11111111111111111111111111111111111111111111111111111111111111111111111111111111
11111121111111111111111111111111111111111111111111111111112111111111111111111111
11111111111111111111111111111111111111111111111111111111111111111111111111111111
11111211111111111111111111111111111111111111111111111111111111111111111111111111
11111111111111111111111111111111111111111111111111111111111111111111111111111111
11111111111111211111111111211111111111111112111111111111111111111111111111111111
11111111111112111111111111111211111111111111112111111111111111111111111111111111
11111111111111111111111111111111111111111111111111111111111111111111111111111111
11111111111112111111111111111111111111111111111111111111111111111111111111111111
11111111111111111111111111111111111111111111111211111111111111121111111111111111
11111111111111111111111111111121111111111111111111111111111111111111111111111111
11111111111111111111111111111111111111111111111111111111111111111111111111111111
11111111111111111111111111111111111111111111111111111111111111111111111111111112
11111111111111111111111111111111111111111111111111111111111211111111111111111111
11111111111111111111111111111111111111111111111111111111111111111112111111111111
11111111111111111111111111111111111111111111111111111121111111111111111111111111
11111111111111111111111111111121111111111111111111111111111111111111111111111111
11111111111111111111111111111111111111111111111111111111111111111111111111111111
11111111111111111111111111111111111111111111111111111112111121111111111111111111
11111111111111111111111111111111111111111111111111111111111111111111111111111111
11111111111111111111111111111111111111111111111111111111111111111111111111111111
11111111111111111111111111111111111111111111111111111111111111111111111111111111
11111111111111111111111111111111111111111111111111111111111111111111111111111111
11111111111111211111111111121111111111111111111111111111211111111111111111111111
11111111111111111111111111111111111111111112111111111111111111111111111111111111
11111111111111111111111111111111111111111111111111111111111121111121111111111111
11111111111111111111111111111112111111111111111111111111111111111111111111111111
11111111111111111111111111111111111111111111111111111111111111111111111111111111
12111111111111111111111111111111111111111111111111111111111111111111111111111111
11111111111111111111111111111111111111111111111111111111111111111111111111111111
11111111111111111111111111111111111111111111111111111211111111111111111111111111
11111111111111111111111111121111111111111111111111111111111111111111111111111111
11111111111111111111111111111111111111111111111111111111111111111111111111111111
11111111111111111111111111111111111111111111111111111111111111111211111111111111
11111111111111111111111111111111111111111111111111111111111111111111111111111111
11111111111111111111111111111111111111111111111111111111111111111111111111111111
11112111211111111111111111111111111111111111111111111111211121111111111111111111
11111111111111111111111111111111111111111111111111111111111111111111111111111111
11111111111111111111111111111111111111111111111111111111111111111111111111111111
11111111111111111111111111111111111111111111111111111111111111111111111111111111
11111111111111111111111111111211111111111111111111111111111111111111111111111111
11111111211111111111111111111111112111111111111111111111111111111111111111111111
11111111111111111111111121121111111111111111111111111111111111111111111111111111
11111111111111111111111111111111111111111111111111111111111111111121111111111121
11111111111111111111111111111111111111111111111111111111111111111111111111111111
11111111111111111111111111211111111111111111111111111111111111111111111111111111
11111111111111111111111111111111111111111111111111111111112111111111111111111111
11111111111111111111111111111111111111111111111111111111111111111111111111111111
12111211111111111111111111111111111111111111111111111111111111111111111111111111
21111111111111121111111111111111111111111111111111111111111121111111111111112111
11111111111111111111111111111111111111111111111111111111111111111111111111111111
11111111111111111111111111111111111111111111111211111111211111111111111111111111
11111111211111111111111111111111111211111111111111111111111111111111111111111111
