21122121121221111122111111121121212211112112121121111112221222222122221212121112
11212122122121221221121111112221221112222221122221211221222121211112221111121121
11211211221112222212222111112221221221222112211121222121112212212122122211122222
22212121121211221212221211211211121222212211222112221222121122111212112111211122
11212111212112121212111111121211221112122222121121211211112121222122122222111122
22212121221222211122121121211212222222222121221221222221211222212111211111111121
22112211112212122221121211112221222122121112221221211222222211221111122211112222
22211211212121111121222111222211221112222211222111222222221222221211221121222112
21212212121222122112221212222212112212121112222122121212211211212112212122211222
22112111111122222112211212121212112222121221212121222222222112122121121112221111
11222122112122221212122112122211211121121222121111112121212221112212222111221222
11211121221122222122111222112122221211211211222221121121121122111122212221111121
22221121112121211111212222221111212111122221212122112112121112112112122121112111
12211211211212221222211121111112111112112221221121112211121122122121221212222222
12112112222121211222212221211222112111121222122222211221121112121112111121122222
11211222111221222121112112221222212212112112212212211121122121121121222222212221
22122112112221121211112111121221122211112221221112222121212121121212122121112122
11121122111122121121112112222222221112211222111212121122111211211122111221211211
11221121222222212211211122212121211122222211211221221112211222122222211111122221
12211222111221111121121122222211122222211122221111111112121221111122111112111212
22212122111222211212112112212222212222222112122121122211112112122112222112212221
21112111211222112222222112221221222222112112222121221111211222122211212221212212
21122122121221222121112112111111122222221112111212212211112122111112222211222221
21211112212221211211212111222212122221222211211222122222222212121212221112211222
22111211222221112122222111211121112212122221211222121222121112222211121122122122
22112122221212111112221222211222221212211112222212122121121222212212121111112212
22112222212221222111211212121121212121211222121111111121121121222211212121122122
21111222212222221221112111221112221221221122121221221222121122121222111211222112
21121211112211211122112222121122221111221212122111211122121212122111112211121222
21111222212122212221111121222221222112212112111111112121111122221222221222122221
21121222111212111121211122121221221111221212122121222211121122112212121212222221
11112222211211221112222112211122222222122221122121221121122111122222212222122221
11221221121111122211221211222112212211112222112111221221212222222112111121212222
21212221121212211211212222112122211221111112122212211211222221111222111222211122
21211222121111112122221212111121211121111122212122122211222221112121111121222222
22221112212211221221221222111221111122111112221211111111222121121221211121222112
22112212222111222122222212222112221222211122222222222212222221221122211221112222
22111122111122121122212221212222121212221112211222112121111111121221122112222221
12211121222121212111122212222111211112121212122111211221212221221122212122122212
12121221122222212112112122222212111222112211221121122111111212121122211112121122
11221222211212111212111221211112122222211112111111122111221222222121221211221112
11211212221221112122212222221212122112211111121122212211222121221222222121211121
12121112112121221122112211122222221221212121121122111211111222112122221212211122
22221111122222111121111222221221222212212212211111212221121212221212222121211111
21212122122222212211221211221121222121221221121111111222112212221222222212221212
21121211212121221122221211121222112122211111122222222221222222112212212211122111
12221212122212121221112211212122111221121112222122222122222112121212222122122112
21221122121122112122211122211122111211212222112222121211122122212212222111211112
12111112212222111211211111121211211112222222112122221212111211111221212121221121
22221121121112222211222112221112121221111122112111122122221212212111121222212221
11222121222112212112222212221112211221112121122221112222121212122222222222221122
12112112222221222222111212212221112211221121221222112111211121121111222111221222
22211222121212112222122122212222122112112221112112221222111112112112112112112221
22222222111122122221222121222211121221112212221222222222212212111122112222211121
11111222212112122122212211111111112211222211121121111221211111111222112121211112
22121112212122122212112122221212212121211112222121211122121212121111211222212112
12221112222212222122222222212221211121122211112121112212221212222122121212122211
22122121221212112122222121112111121111211222121111211111111212221111221112211112
11221111211112221122111122221212221121211112121212112222222221112212222212222121
22112221222221211122111222222222212221112111121121212221221211121122121221121111
11212122122222212111111221111112122222111211212211112211122212111211221121111222
22221221212121221112211211222221121212222122222122112212112111112121222122112222
22211212112221222211222112122212212121122212212211211222221121111222212212111222
12121211112222222212112122211121121221112222221222111122221122221212122211112121
21211212112212211122121121111122122122222212212212222122122221112221211222221212
22221221212111221222222121121112111222212212212121212212122211222212222112212221
22112211211121111222121211111112222122221211111212211111122222221112121222212212
12212112122212121121111221122121211111111222221122221212211222212122212112221211
22111222121212211222121221211211122121122212212211122122211121221121122222212222
12121121111222122221221121121212121121221121212221212211122122121212121221111111
11222221122222222222122212121122221221221221211221122121212212111211222212122222
12112111121121121121222112112212122211121221212121121111222222211111212211112212
21122212212111212212111211111222111211211122221212111211122221111222222221221211
11222222222122222211111122122222211121122222222122112112122111121122122112112111
12211222221222211122222112111122221122121211121211221122121121121121221122222122
21111111222122111112122112111212211222212212212122212221121222122221211221211222
22111121112112212211121112112122112221222221112221121122222112211221111221221121
11112212112222221221121112222112122122112122112112212122221122211122112211121221
21121222222222111121121222122221222221222112121212212121222121222222112222211221
21221111222222211111221211122211211111211121211212222112112111112212221221122211
21111121111111212111122222111221122211112212222122112112122122221111112112112222
21121222111212222221221112112222121112211122112121222212222212112211111121111122
11212211211222111212122112222121111112111121111212121122221122222122122221212211
11111222111121111212222111122211112221121222212211111222222111212111212211122221
22222212111211221212212121122121121212222111221222122222211122211222122221221122
12212122122111122221212112211221211111221112121211121212121211212121221122221211
22221221221111122222121211221112222212212111111121222122221212121212122111211111
22222211211222222111211122212111211212121222122221221122212122222222112222112112
22112112222221122222221212121111211111121112111211222112221121112122221212122222
12221111211112212111111122221212121211122212222221112212112112211212122111121212
12212122221121121212211211121221221212112121212211111122221212121222121112111211
21122222221111221112121111121212112211212121212212221221221221222122111212212212
21212121121212122112222221211121122121121121121112211111212122211211121221212122
22212222121222222122212111121121212111112212121112212121122221112122121111222111
21121112221111221121212212121221222221121211122111122211112121211211112212122122
21221121212221112112111221212221211122211212111112121212112122122221111221122221
21221112122111212111112112111122121112211121122211211122122112122212212221122111
22222222111221212111211212211221122222111212221221122111211221211112112122111212
12221121212112112222111211122211121111121112221221222122221122221212111122222111
22222122121122221221122221222212122111112112122212211211122211212112212212221221
21122211212221212122112222111112121221221212112121121212121112221111221122121121
22222212221222112212122111111122121122212212211221212221121112211222122111121212
22122221111211221122211222212122221121111221212222222112211211211221121222211212
11112112221211122212122211221121212212222212222111222122212112121121212222211122
21211211221222121122122112212112221211221111122222222211111121221222111122221112
12121211212122222121222112211211222222212211221221111222112122211222122222221212
22221211222222211222212211211222122221211112121221121122211111211111112122111222
11122211121111111221111121212121221211112112122122111111112112222122212122121112
11112111211221122222212222212112112211221122222212121222222221221212122212111112
12221122211212222221122121212212221112211211212122121121212122122221112112212212
12111121221222121112211111112121222111222212222221112122121121212212212112211111
12122122211111221122112111112212121121222222221211112111221111121212121221222121
11222111211112211122211211122222211122222112111221122222122122222121212122121221
22212122221121121212111122121121122221121121121221111112221221222121222121112121
21221112222122111112112222222211121222221211212122211221221111221221222122121111
12111111111122121222122122112211122212122212221222112111222211212121121222211121
11211121111222211112111112112212221212221222222222111222222211211211221211122122
21211221212122121121122121122221121121221111212211121222121121211221121112121212
21221122112112222222221121221211122112121121122211222212121121212112111222212222
22211211211222121211121212121212211211212211111212221211121221122121221221121212
12122111122121222212121211211222122222211111112212221212122212221122212212212111
12122111222121122111222112222221112122222122222212121212121222121122211111222121
12121112222121112122112221222111222122211212122212122222212212211211112212222122
12222112222112212221121112122222121222221221211221121211222112112221222122111121
