11222212211221122212111111222212122222122121211121111222212111211221222121222221
21112212121112122122221222222122212221222122212221212122222112212112221122221121
22221111211211222121222112211212122112211211111222121222211221222211212222211122
12121111111122111221122222221221112111111211121211211112221221122112121122211121
21212122222212211212122111122122122212221112212112121221222221211111122112222111
22112221222221212112211221112222111211211212222121122212121121222212222222112222
11121111111121211221121122221222222122111112212221122211221111222221222122111211
11211212122112121122212212221222122222222221222111221211112211212221211212221211
12222211211212121222222222121121211212122121222221121212111212112212111121111122
12111121211122221222211112121211122112112212212112222121122221122212221222121121
22112212221122121211121121221112112111111211122121122221122221221121121211112122
11211112222212222211211222222122212221112222111112222122121211112111121122121211
22211211222121111212111222122121122121211222122112212112112121212122122222221221
12221221122211122221111111221112222121222221122112222121112222112111211212212122
12112122112112221122121111222222221111122221222222111222112211221122221211121112
12212211111111222212211122121122112222222212112222211212121212221211122122121222
22121211221111221112121212111222211212121212221221212221121211211211111211122121
22212221111212112122212211112221121111212222221112222121212212221211221112121222
21122212221112222222121222221211111121122222122222111221122111211112222122122212
12112121212221222121121122212122122222121121121222211121112122112211221111112212
21222122212211122112222221221122111221221111222222122221111112112212222121221211
21211212121211222122111111122122112212222211222221122112121111121121222211112121
21222212221212222211111222111212112112122212111222121222112212112211122211122222
22212221211222111211111212111111222112122112122121212122221221212222212222211222
12212212111211112122212121111121111122121112222221222121222112112222212221221112
12111221212112121122121212222221221211221122212221112212112211121222221122122121
21122112211211212112212222121221211122121222112121221122121221211122122221211211
11112212222212212121112221112221221221121222211221111112111111112122211221122211
21111212112121112222222211212221212212211122111211112122211212222112112121222121
11112211211121121222112221222212111112221222211112122212121212121122122122112122
22212111212221121122221121121122222121121121222211111122211211122111121112221111
22222121111212221121211222122211211111222221221221212222122121222222121121212211
12112122211211111221112111212111222121211222111121112222221222211211112122221222
21221122122112211221211122212122121122212121112222111211221211121112111212122221
21122112212221121111222221221221112222112122121111211212121221221221121122112212
11112222222221111122121221221212221221111222212221222211112221121211112222221221
22221212221122112212222221211222211212221112212212121122222112222122112121221112
12212122111221122212211221111222122121111211121211121121222122122221121211222121
11222112222221111122111211112212211212111122112221112222211221211122221222211121
21211112221212222111121221111112121211212222122211122111111212222111122112122211
11222222212221121121221122212111122221212121212211122221122122222221112222211212
22211212121111112221212111222221222221211222122122112212212122212121121211122221
21112221121212112111211112211221121112122222211122222111111222222222211212222212
12211221112222221212212212112112222222212111211211221222121222212122221212212122
22222222112222122112222122111211212122212112112121111211122222122111112212111122
12222111111212112111112221222121212121111112221112212111111121211211121111112112
12112111112121211121112121111221112222211212121111222111111112111121122111122222
12222112222211222212112212121211111211112111112122211211212221212212222121211121
11121111122111111112112212222222112222122222211222211211122112212222211122211112
21112222221211221112112212122111212111211121222222122121222212221221222122122122
21212221122121211121222111222121212221221221221211112121121221122212211211111221
22121212212111212121111121122222111122211122121112122222112111212121211122121222
12211212221222212211222212211121211111122111222221221121112212112221212121121121
21121121222212212212211122111222111111212222112121121121121122221121221121112211
12212221221122121122222122122222212221122212211222221212212112121121211111111121
12221112222122212212211222121212221122122212212121222112211122111111121221121121
21221212111122222211121111121211222121122121122211221112112222222222222111112112
12121112112121212122121112122121211212212211221122212211221221212122121222221221
21121221122211111222212221122122121112121222221122111111221222122121212211111212
22122112122122121221111111221212111121221212122122222211212212121212122111222111
12222122221111211121221212122112121221212121221122121111221122111121112211111222
22222122111222122111111222121212112212111211111212122212112112211222212221111112
22112221222112222211122222221212121121211112212221211121211212211221122222222212
12222221222112212111121222212221212111122211211112222121121212122212211212112112
22121212122221211112122111121211211111111221222211111211121111222111222222121212
22211212112122121221112122211222111211222221222121121122122212222121121121222222
11111122221211112111122221122222121122121112112112121122211121212111111222211111
21121221121112211212221111112112221222122222121222211121221222122211212212112111
21122112122111221222211111122221121221211112222211212212121221121222112111111112
11111112212222212222221112121221212121222211221211211222112111112222111122111121
21111211112221112122122222212122211122211222112222122212111222222112122222222212
21212122121222222211222111212211112212221111211211122112212122221111121121111212
12212111112221112212212112211121121212112222211121212222112212111121222111122212
21122211121112112221122122212122212112122122221111122121221222212211222112111112
12121122222222222212111111211111112121111221222212111111111121222222111121212211
21122121221112112222112222122122222111212121122122211121111211121221221122121212
11212222211112111112221221111111112212221212211221222211122211221121222221222221
21111221222112211122222122122222121222112121121211122211212122112122111221211122
11222222221211111222221211222122221112212122221112121112112122222112212212222122
12111121112121211111211121212112222222221121211211121111222221211212212122121111
11111222121121222121122112111222122222212222112122222221222221121111111122111221
11211111211222222112222212112121121212122111212221212221111112212112222121122221
11222212112222211222121222121111211122122221112221211111211222112221221122121221
12121212122211222111121222211121122221121112222111112221122122221222212111211211
22212221111121211212122212211212122112221121122211112122212111122121222122211121
22122221212212122221222221212121222111211222121111212122212121111111212212121111
12121221211222211221122121112112122111122222211121212212221211112121222111112111
21112211212112211122212112211221112212121222222212111122112222211121222212222122
22222121212221112112212221111212212122111221121111111121222221112212112221212212
12111121111121121222112212122112211221221111211122211222212122122111122122211121
21211112111112212211111212112211111111122111121211211212222112122212121122111221
21122111121221111111211122221112111121221222222221121221121222221122212222121111
21211212212221222111221212211212212111211121212121221222111212212122222121221111
11121122111112221212221222211221222211221121222122221112222112121121222111222121
21211122112221112112211111211122121122222121122121221112222222112211211112112211
22121112122111221121221112122221121212112122111121221122121112111212122222121222
11221222221221111222122121221221111211222121122211221111211212111122112222212222
12212212222222212122211211121121121122111221222222211112122221112222212221221222
22221222211222222221221121112211222222211111211112112212221211221212121122212222
22121122221212222222122111211121121211122112222221112112112211221212112112112222
11111121111212222211212111211211122212222211222222112122212221221211111221121221
11121121222212212111221122121212111221122211112211211211122211212121122222112222
22112112211221211122221211211112112212122121212212222211122121212222222112221111
12122121122222112221111121221111121222211111112221121221211221111112112221212111
11222221221112111212112111111122111222112111121222211111211222221222111111211122
12221122221212211211111111221212112111211212111222122122211122121111222112222211
22122112211222212221122212211211221221112111122121211111121111222122121212122211
11121121212211222211122121212122211121222111112221222211211222222111112122112112
21122221122222111121122122212121221111112121222121221222211212212111222122122222
22222222122222211221211222211112121111212222211222121121122222121222111212122122
11221122222211212211121212221211211221221121211222111121121221121121122211211122
21212112212122211112211122222111211221221212212211121121211122122222112221222122
11111221221212112212121212122212112212121112222112112212222121221222122111112211
11111221111221111222122112221212221221221121211112212211112121122121111112211222
21122212222211111212112211122222121122122221222122222222121121212111211211212222
11222122211222122111212212112112122112211211222111122222121122222211221121222122
21122221111111212111212122122221121212222112212212212111211121221111111211212222
21112221212122121211222111111121212221111122222212222222121112212221111121121221
22212222112212211122211211212221212112112211221111221112221112121211221122112122
21221212222122212122112112211121112222212212211121121221111121221112222111221111
22222212212111112122112212222211221111222121121222111221212121222111211222111112
12212221112211112121122211121221122112222112112111221112212221121121122212222211
21222212112212112112212122211221112122212211111112121211221122111112122212222121
21222222111112222222121221222221212221112122112111211212211112222112112212222222
