12111121121211121122222121111112112212112121221122212121221122221112121211121211
11111212212212112222112121121212222121212112111221221222112121222212112212112211
22221221111111122211121112121222212222122221212222221122112121222112212212122212
12122112222111111111112222121212222221121211112121121112122211112222212111121122
12122222212222212121112121122222112121222222221222212121111211112212211122212222
11211211211122121121111221121211221222222112121122221122121111212211212111122122
12122122111211222112112221112111222112211121121111121222112222122211211111212112
21121121112111111211222111111222122112121212112222112121221221221221221121121121
12221212112122222112211111222212112112221211221112121121122222221211121212212111
22111212221212212121211211221221211112211212121111212211122212221211222221112121
21121111222212121222111122112211212122222111111121221111221211121111222122221112
22111222111122221111221222112222222111221211222222112221111211122221211111112212
12211211122212121112221211222211112121211212112111221221122112111111122211212122
12122211221111121221122211222212222112222122111122121211112111212111122211112221
12211112111121111211122212122221122211122112211212212112212221111221112112111212
21211222112112212211122221122122121121111111222212211212111121122122121212122222
11222212221211211111111222222212121212221211122222122122122121212212221211111112
21122222121121211121122122222212222121211211111211222111121111212111212112121222
12111122222112212222111222122122122112221211122212111222111111221121112121112211
22211122222212112112212212211221111222121212112222122222121112112212221122221221
22221212121121122222121121121221122111221211111112121222211222121221221122221122
21121211111121212122211221122112122122211211122222112211122112121221122221111111
12221112112112121112211121221112122212121211121221111112111121111122112122122211
12222211112212122211111112221221122121212211211211112121111112111222112222122212
12122121221221222221121121221222112222121111211111122122112222121221121211222211
12121112121121211222221111122121211212221211111111111111211221122222211111122121
21122111221211221222221111221212111121121211221221112222111212122122222112212211
22222211121211222121121111111211111111121112212122112112111111111121122212222222
21121221122211122212112222112122212111222221111121222211221111222221112221212121
22211111111221111212212211222112212222111211212221121221121121222212212211211222
11111121122212122111211112221122222212222211111121111121221212221111211122222121
22122211122121121212121212112111211221121122222121211211222121112122112121111211
22111221221112222122212221112122121111112211122211122222121221211111222122212112
12222121121211221121111112121111112212122211222122221221221121221121221221112222
21211212121222122112221122111122221222111111121122222122211212212221221111222111
11111111112121121121122222122111122112221222112212222122121121221111212211221211
12221221211122211221121122111111121222112112121111112112111121221111122221212112
11221112221112222112211111111212111211122211122112122212122112121211112122112112
21122222221121211211121122122222121122112221112211121121112212111112222122121221
22112112211122212111122222111121212112222122221212211211111212121212112222222111
22112211111111211112212212212112211222212112221211121221112121122112211212111212
11212211121112122111212212121211222222112121221121211111212222111211212111222222
21221221221112221222222212122211112212221212211221221111221111221221212222122122
11211222221111111121211211212221121222111211112211222212211122122222211212111211
21112221222121221221222112211112212211121222121112121111111221222121112212211221
12211212221211221211122222111212112211122221222211221212111211122212212222122211
11212111121112211111121212221112111221112221112111111211121221111212112112122222
21112212221212211212111111212111221121211222112112222122212212112121112121222121
21112212222121111221221122221221121211221211222222112212122112222222221121121111
22211111212122221212211122211211221211211212211111111121211222122112122221122221
22221121121121212221122122221221112221212121112222111221222121112221221211211212
22222211221222112211112212211121122112121111112122112212111211121222112122111222
12112122121121121112221111111111222122212111112122121111112221111111211112212222
21212112121112112221222212111112111122211121211211222111221221122111221211221112
21111212121211211112122221211211111222112121121222221212212222211222211111111122
22222111121221121121221112121122221111221221222221112111222212222221121221121112
21212122112222111122221112212211122122211222221211211112111111111211122222221212
12112111222111222122221122112122112111122222122212212122121121222112212112212222
12221121212122212212212111122111211112112122211222121212121222121112212111121212
21111122212212112222211121211111221111122122122221111212111112111222112211112211
12222121121112122222121121212122112122212221112211211222221212222211121211111121
11111112212222222122212112221122211111222122121112111112222122111111121121222212
12121221222121221112112122212122112212111222111212111121112222121212211212122221
21112112112212111211111121221222211112212122111212112121121121211211222211211121
12222222122121112121212221122211121122122111121211112122111111112112211112121122
22121112211212212222211212211112111222121112212111221212112112122212221222112222
12221111221111111212111221112122212211221122211112212221211212111221211112221221
22212222211221212221211122122111121122222221222121211211222121221221112121121222
11212112111221211121222221121211212212211222112211111111212122111122121222122122
22121121211211222122222111112112212222211121121121222112222212121222112211121121
11221121212222222222211112222111121211111221212111111212212122212222212122222222
22121111211222112111121221111111212111111121212121121211211122111121122211112221
11111221111212122212112221222112221211212121121211211121121212122211112112122221
12112222212122111221112212211111122122211211212221222221112112122111121222211112
21121112111212122211111211212222112222122122122122122212122211222121121112211222
12221221122221212122112222122221112121212121221221111112122122111221221112212111
21221211211112212121112122122211122211112222111211111222211111211212212112122122
22212121212112112122121122112112112222222122111222112211121222121212212112212121
12121121121111122112112111121111112121212112222111221221212221112112121111111111
21212122122221111122222211122212212122212211211221211212212111221212212221222212
12211212211111221122211222221211212212112112222122222112221112121112212221112121
22212111222112211122111111112222211211211111211212122111122221212112122112111212
22212222121122112211211211121122112121212112121111112122122211121112122212221222
22211112211112111112122122121211222122211111212112212221111122212212222212221221
11121111112111122221122221221111222112111211222222122221111112221212111111211122
21211211222221111221122112121212122111111122212112211111111222222212212221121212
22112221111211122211221221211211112122122121211122222221121222212222221111112122
21212222221112111112221111122112122111111122211211211111212222221221211122222122
12122211122112112212111212211221112211112222211112111212111111112122121222222222
22122211112222121211212212121211121122211221222211111112212221121122121222121111
22212211122122211222122121221112122111121211122111212112121121221122221122222222
22112112122211222122112222212211221111112111222122112112221121122211111111111212
11221122111211212122122122221211121112122111212112111221121112122212121211221122
12212112222212111222121222111121121222211111121111111221212211212211112112222122
22212221121222221221112112121122221221122121111121111121222212211112121112111111
11221121212122222222121112211212211121211221112222221211222112211121211112122211
12221222111212222221121122211111222221222111222211211121211211222212211222221111
21122221211221122111212221211221122212122212212122222212211111212122221222122122
12221212212221211221222111212111112222211211212112221211222121111111211211212211
11211121121121222122211121122221111111222212211211212111121212222212221121111211
11112211121211221212111222121211111212122121222111111112122212211212222211212212
21121112212211221221112212211222211122111111111222222221122122211211111221111221
21221121212121211222121112212211211212112222122111111111121221111112111222122222
11211212112121211111121121121122212111111121221221222121222112212121111222221212
21211121222222111221222111212112121212212221211122122111111121221211121121122122
11221122111121122121222112121212111212112122211111221122111122222111212221222212
11112121212121122122222211121112111211211111112222221222122121212112211211222222
21212112211111221122212111122111111222212211121121222122212221212221221122212212
11221122212211121111221111122122212122112112111122122212212221122212111112212212
11111212111112212122211121111121222122222112122211111212221112122112211212211212
22121111121112211112112111112111221212211111122211222212211121112112112122112212
21211222111211112222112212122121111221212121222111221112112222211221121111222212
22111122221121222211211222111122111212221211111211121222221111122122111112111121
22111221211212222112221112111122122211211222212111221111121221122111112212122121
21211121212212121112222111111222211112211211221121121112111211122112212121211112
21221211212211222221121111212222222212211121222211121111122221111212111211112111
11212121222111221111112112221111221211112111212112111212122112221122221222222121
21112112211112212212121111112122221221212121111211211221222112121222222112112222
22111121222121122211122212221122122212212212211121221222212112112122121222221121
11222211222221222221212212122112211112222111212111121112111212111121122212121221
21212121112122221111122121122111112222112111122112111112112121221211212211112221
12121111111111111222222121111211121112221212121121221121111211112222222111222211
11112211222122112222211111222212221212222222211211112211221122211212212211122122
12122121221112211222111112122221211111222111212212122211111111121122222111112121
