# Quantenoptiklabor: Experiment Hong-Ou-Mandel dip
# Messung vom 27.06.2008, 13:39 Uhr
# Aufnahme von 280 Schritten in 1ym Abstand (optischer Weg = 2ym)
# Messung: 10 mal für 10s
# Der Datensatz aus dem Experiment kann z.B. zum Auswerten in Excel importiert werden

 
# Didaktik der Physik, Universität Erlangen


#Achsenbeschriftung:
# Wegposition [mm]; 	Detektor 1;	Stabw D1; 	Detektor 2;	Stabw D2; 	Koinzidenzen; 	Stabw Koinz




27,90202    ;   112922,80000    ;   372,97417    ;   109849,60000    ;   422,98810    ;   2470,30000    ;   66,62173
27,90299    ;   113122,00000    ;   415,10962    ;   109772,30000    ;   382,60657    ;   2445,50000    ;   49,21213
27,90401    ;   112924,70000    ;   415,04432    ;   109897,20000    ;   312,73269    ;   2500,80000    ;   43,51960
27,90499    ;   113040,20000    ;   369,76173    ;   110021,40000    ;   347,44023    ;   2498,60000    ;   55,77973
27,90601    ;   113187,30000    ;   333,09660    ;   110049,70000    ;   313,74053    ;   2495,10000    ;   66,73238
27,90698    ;   112910,10000    ;   242,09018    ;   109958,10000    ;   411,10946    ;   2465,00000    ;   43,16892
27,90800    ;   112922,80000    ;   299,14872    ;   109998,70000    ;   305,85547    ;   2451,30000    ;   66,30075
27,90898    ;   113139,90000    ;   359,22276    ;   110084,00000    ;   377,88182    ;   2488,60000    ;   45,33627
27,90999    ;   113177,10000    ;   354,66117    ;   109995,70000    ;   310,62019    ;   2491,20000    ;   46,28847
27,91101    ;   113224,40000    ;   327,98211    ;   110110,30000    ;   333,73711    ;   2473,10000    ;   65,27965
27,91199    ;   112798,60000    ;   220,54790    ;   110046,00000    ;   392,47788    ;   2466,80000    ;   67,64088
27,91300    ;   113118,30000    ;   230,98583    ;   110091,40000    ;   240,72723    ;   2505,90000    ;   39,39106
27,91398    ;   113003,00000    ;   325,65114    ;   110006,50000    ;   373,18159    ;   2468,10000    ;   47,79691
27,91500    ;   113251,90000    ;   293,87656    ;   109962,40000    ;   489,06446    ;   2490,20000    ;   47,39855
27,91598    ;   113045,40000    ;   229,62878    ;   110056,00000    ;   353,73970    ;   2488,90000    ;   51,24766
27,91699    ;   113431,70000    ;   397,87157    ;   110025,40000    ;   376,62926    ;   2491,30000    ;   52,63090
27,91797    ;   113415,50000    ;   449,93462    ;   110064,50000    ;   352,91493    ;   2465,10000    ;   40,39926
27,91899    ;   113259,60000    ;   309,79355    ;   110054,70000    ;   230,00002    ;   2489,40000    ;   56,65529
27,92000    ;   113277,10000    ;   410,63188    ;   110151,80000    ;   447,94117    ;   2461,30000    ;   60,86972
27,92098    ;   112996,60000    ;   305,02830    ;   110206,80000    ;   326,97258    ;   2468,50000    ;   32,68112
27,92200    ;   113407,40000    ;   294,89102    ;   110331,00000    ;   296,76440    ;   2468,20000    ;   45,50165
27,92297    ;   113370,10000    ;   317,22633    ;   110215,70000    ;   277,50678    ;   2499,00000    ;   64,90506
27,92403    ;   113359,70000    ;   330,78461    ;   110239,10000    ;   350,82552    ;   2460,00000    ;   71,77434
27,92497    ;   113366,40000    ;   243,13471    ;   110308,30000    ;   293,54502    ;   2468,40000    ;   25,14491
27,92599    ;   113482,30000    ;   297,35951    ;   110394,30000    ;   364,54722    ;   2464,60000    ;   40,84986
27,92700    ;   113537,30000    ;   326,08555    ;   110217,40000    ;   271,45787    ;   2474,20000    ;   50,92216
27,92798    ;   113361,40000    ;   239,63315    ;   110181,90000    ;   436,56957    ;   2477,80000    ;   39,81848
27,92900    ;   113524,30000    ;   397,67772    ;   110351,20000    ;   361,19579    ;   2474,90000    ;   27,54169
27,92997    ;   113577,00000    ;   278,72926    ;   110506,60000    ;   488,92449    ;   2501,30000    ;   26,54577
27,93099    ;   113622,60000    ;   295,05789    ;   110166,40000    ;   280,82901    ;   2484,10000    ;   19,81834
27,93197    ;   113483,60000    ;   249,54234    ;   110485,80000    ;   151,92089    ;   2517,90000    ;   53,97623
27,93298    ;   113881,30000    ;   482,74011    ;   110598,90000    ;   256,18242    ;   2469,00000    ;   40,98238
27,93404    ;   113677,30000    ;   353,68506    ;   110407,30000    ;   332,54709    ;   2497,80000    ;   42,85324
27,93494    ;   113822,70000    ;   303,44505    ;   110478,80000    ;   261,35961    ;   2467,00000    ;   50,18189
27,93600    ;   113801,30000    ;   519,81344    ;   110483,30000    ;   248,84223    ;   2481,20000    ;   57,74234
27,93697    ;   113828,20000    ;   309,06555    ;   110513,70000    ;   273,61004    ;   2484,50000    ;   46,24872
27,93799    ;   113947,80000    ;   332,27091    ;   110599,50000    ;   339,86836    ;   2514,20000    ;   64,51839
27,93896    ;   113635,50000    ;   423,51210    ;   110602,90000    ;   350,51278    ;   2504,50000    ;   60,05414
27,93998    ;   113798,70000    ;   298,02388    ;   110607,40000    ;   187,18867    ;   2483,90000    ;   62,47213
27,94096    ;   114453,90000    ;   1182,9879    ;   111113,00000    ;   1582,5989    ;   2491,80000    ;   35,51150
27,94202    ;   113886,50000    ;   311,94524    ;   110755,00000    ;   333,60023    ;   2459,20000    ;   44,24628
27,94295    ;   113789,90000    ;   272,28027    ;   110498,30000    ;   250,67777    ;   2515,90000    ;   59,76519
27,94397    ;   113691,30000    ;   255,97181    ;   110602,10000    ;   250,11262    ;   2473,40000    ;   50,44513
27,94499    ;   113785,30000    ;   373,63263    ;   110583,30000    ;   358,98841    ;   2482,40000    ;   46,43562
27,94596    ;   113741,60000    ;   299,27290    ;   110698,10000    ;   224,85820    ;   2502,20000    ;   42,67135
27,94702    ;   113712,70000    ;   349,30377    ;   110518,60000    ;   373,09909    ;   2498,40000    ;   35,82426
27,94796    ;   113636,10000    ;   316,31505    ;   110348,20000    ;   383,29820    ;   2481,80000    ;   46,05263
27,94897    ;   113611,20000    ;   349,30114    ;   110238,60000    ;   456,07777    ;   2466,60000    ;   54,01276
27,94999    ;   113727,50000    ;   351,75031    ;   110536,70000    ;   375,57750    ;   2467,60000    ;   32,61969
27,95097    ;   113710,00000    ;   416,06570    ;   110628,60000    ;   387,53787    ;   2466,20000    ;   46,65667
27,95199    ;   113475,70000    ;   269,52842    ;   110583,30000    ;   280,22057    ;   2475,40000    ;   69,10893
27,95296    ;   113765,00000    ;   316,22882    ;   110419,30000    ;   301,56225    ;   2501,80000    ;   48,35471
27,95398    ;   113669,90000    ;   326,97654    ;   110667,50000    ;   237,82685    ;   2495,10000    ;   39,81750
27,95496    ;   113827,60000    ;   269,65377    ;   110448,90000    ;   283,92270    ;   2483,20000    ;   49,05054
27,95597    ;   113348,40000    ;   399,81251    ;   110301,50000    ;   379,57381    ;   2468,30000    ;   58,38579
27,95695    ;   113306,10000    ;   326,75014    ;   110122,70000    ;   452,87257    ;   2463,10000    ;   24,42426
27,95797    ;   113323,20000    ;   505,71903    ;   110274,20000    ;   893,71793    ;   2476,00000    ;   57,14310
27,95902    ;   114259,20000    ;   2098,2732    ;   111242,00000    ;   2702,4868    ;   2467,20000    ;   51,91831
27,95992    ;   113198,30000    ;   386,90885    ;   109954,10000    ;   288,48164    ;   2477,40000    ;   62,12568
27,96098    ;   113269,50000    ;   326,25935    ;   110101,00000    ;   297,42002    ;   2493,80000    ;   56,02142
27,96195    ;   113469,60000    ;   363,52020    ;   110084,70000    ;   533,03868    ;   2499,70000    ;   51,65925
27,96297    ;   113403,30000    ;   280,82539    ;   110248,70000    ;   336,75677    ;   2458,50000    ;   47,90326
27,96395    ;   113519,90000    ;   271,68260    ;   110158,50000    ;   460,53067    ;   2465,90000    ;   35,92106
27,96497    ;   113605,80000    ;   294,22659    ;   110304,10000    ;   290,58273    ;   2482,10000    ;   38,41426
27,96598    ;   113585,60000    ;   354,89629    ;   110234,90000    ;   254,91369    ;   2491,00000    ;   55,35943
27,96700    ;   113580,10000    ;   314,55946    ;   110391,20000    ;   295,18085    ;   2459,20000    ;   43,37383
27,96794    ;   113843,90000    ;   298,43162    ;   110410,50000    ;   369,53432    ;   2490,20000    ;   34,88967
27,96895    ;   113679,00000    ;   317,90844    ;   110367,90000    ;   285,98735    ;   2471,90000    ;   44,15239
27,96997    ;   113667,00000    ;   391,02628    ;   110379,50000    ;   404,79714    ;   2465,00000    ;   42,02116
27,97095    ;   113742,00000    ;   197,28378    ;   110431,60000    ;   379,48655    ;   2487,00000    ;   72,18187
27,97196    ;   113850,20000    ;   343,98185    ;   110407,30000    ;   337,34158    ;   2474,20000    ;   44,33409
27,97294    ;   113895,90000    ;   309,66521    ;   110424,60000    ;   425,48696    ;   2505,50000    ;   39,48628
27,97396    ;   113902,10000    ;   272,83957    ;   110338,20000    ;   246,10332    ;   2489,30000    ;   41,17456
27,97498    ;   113876,00000    ;   415,06599    ;   110538,40000    ;   267,18001    ;   2463,90000    ;   51,44890
27,97595    ;   114126,10000    ;   390,77144    ;   110418,00000    ;   313,72741    ;   2492,30000    ;   72,46309
27,97701    ;   114097,50000    ;   252,24778    ;   110445,90000    ;   197,05693    ;   2488,40000    ;   40,32149
27,97795    ;   114013,20000    ;   221,76053    ;   110602,00000    ;   391,69773    ;   2482,60000    ;   56,31104
27,97896    ;   113972,20000    ;   352,63195    ;   110703,90000    ;   299,85828    ;   2482,80000    ;   52,71264
27,97994    ;   114051,20000    ;   412,39620    ;   110573,40000    ;   143,16440    ;   2445,90000    ;   35,59167
27,98096    ;   114000,40000    ;   441,67892    ;   110558,60000    ;   376,73929    ;   2446,80000    ;   54,80430
27,98197    ;   114268,40000    ;   285,87923    ;   110819,10000    ;   413,90376    ;   2468,70000    ;   66,15311
27,98295    ;   114172,40000    ;   458,91665    ;   110890,60000    ;   504,54759    ;   2457,60000    ;   49,69954
27,98397    ;   114299,50000    ;   410,85311    ;   110623,20000    ;   358,76015    ;   2482,20000    ;   28,25597
27,98499    ;   114191,50000    ;   365,74741    ;   110671,50000    ;   281,25325    ;   2495,70000    ;   48,96949
27,98596    ;   114357,40000    ;   220,01879    ;   110710,20000    ;   258,07096    ;   2467,70000    ;   37,35728
27,98694    ;   114443,90000    ;   298,75834    ;   110787,10000    ;   325,58953    ;   2484,90000    ;   43,91773
27,98796    ;   114512,10000    ;   245,20715    ;   110934,30000    ;   303,70894    ;   2479,20000    ;   36,97386
27,98893    ;   114563,60000    ;   320,17190    ;   111030,20000    ;   316,79359    ;   2453,40000    ;   39,31129
27,98995    ;   114475,90000    ;   256,29863    ;   110881,20000    ;   360,21068    ;   2477,30000    ;   46,84502
27,99097    ;   114358,00000    ;   406,48083    ;   111034,30000    ;   455,30333    ;   2477,20000    ;   46,30527
27,99194    ;   114654,60000    ;   331,44069    ;   111113,20000    ;   240,05962    ;   2478,60000    ;   55,03373
27,99296    ;   114743,20000    ;   280,42341    ;   111167,40000    ;   290,08857    ;   2458,30000    ;   48,37366
27,99394    ;   114737,70000    ;   234,22688    ;   111426,00000    ;   401,89634    ;   2473,30000    ;   64,48437
27,99496    ;   114786,60000    ;   449,31583    ;   111201,60000    ;   391,86766    ;   2476,20000    ;   34,83230
27,99593    ;   114561,70000    ;   398,99765    ;   111208,90000    ;   403,36651    ;   2488,80000    ;   43,73608
27,99695    ;   114816,50000    ;   418,16032    ;   111294,40000    ;   233,50765    ;   2490,80000    ;   64,65429
27,99796    ;   114848,70000    ;   359,19139    ;   111130,90000    ;   218,12863    ;   2447,30000    ;   73,72630
27,99894    ;   114751,50000    ;   420,88089    ;   111243,90000    ;   304,78862    ;   2453,20000    ;   49,27203
27,99996    ;   114918,50000    ;   346,04985    ;   111465,70000    ;   201,30908    ;   2471,20000    ;   47,75353
28,00094    ;   114921,40000    ;   571,45996    ;   111359,40000    ;   282,72609    ;   2466,30000    ;   43,20507
28,00195    ;   114899,40000    ;   276,93128    ;   111367,30000    ;   174,40824    ;   2461,60000    ;   51,47211
28,00297    ;   115088,80000    ;   384,61057    ;   111631,70000    ;   133,78179    ;   2486,00000    ;   45,18358
28,00395    ;   115141,10000    ;   371,24758    ;   111373,10000    ;   427,88458    ;   2465,90000    ;   80,24746
28,00492    ;   114908,10000    ;   270,93109    ;   111357,00000    ;   193,48328    ;   2454,80000    ;   51,41293
28,00594    ;   114878,00000    ;   316,08438    ;   111289,90000    ;   246,93699    ;   2446,10000    ;   30,55214
28,00696    ;   115058,60000    ;   276,62658    ;   111598,60000    ;   268,78914    ;   2455,10000    ;   49,63970
28,00793    ;   115171,50000    ;   348,48346    ;   111482,50000    ;   175,49311    ;   2443,40000    ;   19,15550
28,00895    ;   115070,40000    ;   226,27721    ;   111398,80000    ;   221,56404    ;   2442,20000    ;   47,96480
28,00993    ;   115074,10000    ;   371,55064    ;   111679,80000    ;   390,25456    ;   2428,70000    ;   31,09502
28,01095    ;   115095,30000    ;   292,87770    ;   111688,60000    ;   253,16012    ;   2407,00000    ;   36,31651
28,01192    ;   115229,50000    ;   410,78144    ;   111721,00000    ;   303,36630    ;   2416,00000    ;   64,30483
28,01294    ;   115092,70000    ;   439,91364    ;   111464,80000    ;   308,33596    ;   2386,40000    ;   39,21791
28,01396    ;   115022,60000    ;   456,96102    ;   111381,90000    ;   315,64764    ;   2360,90000    ;   46,98806
28,01493    ;   115279,30000    ;   217,17635    ;   111573,80000    ;   215,55860    ;   2351,10000    ;   54,36390
28,01599    ;   115571,10000    ;   130,27957    ;   111640,00000    ;   267,80548    ;   2353,50000    ;   43,36473
28,01689    ;   115264,70000    ;   362,39728    ;   111578,00000    ;   434,92119    ;   2340,30000    ;   34,21842
28,01794    ;   115159,10000    ;   260,34227    ;   111396,60000    ;   220,14147    ;   2313,10000    ;   39,50373
28,01892    ;   115382,60000    ;   288,94913    ;   111420,30000    ;   326,33795    ;   2240,30000    ;   55,58187
28,01994    ;   115587,90000    ;   401,54990    ;   111444,00000    ;   397,46698    ;   2243,90000    ;   53,52559
28,02091    ;   115261,60000    ;   447,63383    ;   111711,70000    ;   424,50966    ;   2200,30000    ;   51,26196
28,02193    ;   115279,10000    ;   376,25123    ;   111476,70000    ;   360,93153    ;   2135,70000    ;   44,66182
28,02295    ;   115348,70000    ;   369,90361    ;   111422,90000    ;   367,18341    ;   2096,00000    ;   29,19665
28,02393    ;   115271,10000    ;   322,35331    ;   111476,50000    ;   228,85524    ;   2025,70000    ;   44,52228
28,02494    ;   115275,00000    ;   384,46442    ;   111500,70000    ;   471,24234    ;   1972,60000    ;   48,44516
28,02592    ;   115113,80000    ;   308,37308    ;   111414,40000    ;   393,07596    ;   1873,30000    ;   52,62878
28,02694    ;   114949,40000    ;   335,35461    ;   111392,80000    ;   210,12896    ;   1729,30000    ;   46,00254
28,02791    ;   115085,50000    ;   339,92916    ;   111385,00000    ;   333,74308    ;   1651,20000    ;   56,15020
28,02893    ;   115058,50000    ;   321,65656    ;   111334,40000    ;   349,52005    ;   1569,10000    ;   32,14706
28,02995    ;   114755,70000    ;   461,73394    ;   111118,50000    ;   319,86777    ;   1505,80000    ;   26,38518
28,03092    ;   114777,30000    ;   323,00191    ;   111306,50000    ;   347,40826    ;   1411,90000    ;   44,29560
28,03194    ;   114853,00000    ;   348,13120    ;   110996,30000    ;   331,94479    ;   1272,20000    ;   33,79612
28,03296    ;   114687,00000    ;   433,58070    ;   111125,00000    ;   246,04110    ;   1203,10000    ;   28,72262
28,03394    ;   114702,50000    ;   342,76304    ;   111121,30000    ;   343,81715    ;   1092,40000    ;   41,49752
28,03491    ;   114469,20000    ;   386,55711    ;   110819,60000    ;   284,02668    ;   925,70000     ;   29,54112
28,03593    ;   114326,10000    ;   372,61373    ;   110886,70000    ;   183,76195    ;   898,80000     ;   16,19190
28,03691    ;   114345,90000    ;   508,81026    ;   110618,60000    ;   297,23287    ;   797,00000     ;   26,11513
28,03792    ;   114224,60000    ;   321,72044    ;   110748,20000    ;   277,04384    ;   708,40000     ;   27,78569
28,03894    ;   114329,30000    ;   393,55278    ;   110767,40000    ;   406,28567    ;   650,30000     ;   27,53604
28,03992    ;   114144,20000    ;   321,20184    ;   110641,70000    ;   279,05159    ;   580,50000     ;   27,00720
28,04093    ;   114283,70000    ;   272,66220    ;   110300,20000    ;   264,44525    ;   555,30000     ;   21,19775
28,04191    ;   114042,90000    ;   358,40959    ;   110548,70000    ;   547,43321    ;   545,80000     ;   22,47369
28,04293    ;   113981,00000    ;   288,70477    ;   110701,90000    ;   262,30197    ;   572,00000     ;   32,34536
28,04395    ;   113950,40000    ;   437,16999    ;   110639,80000    ;   436,66305    ;   579,10000     ;   19,77344
28,04492    ;   114064,00000    ;   394,51461    ;   110548,30000    ;   366,73607    ;   625,40000     ;   21,27701
28,04594    ;   114023,80000    ;   422,71971    ;   110562,90000    ;   270,38016    ;   682,40000     ;   35,07833
28,04692    ;   114352,50000    ;   259,24516    ;   110768,80000    ;   422,58827    ;   729,20000     ;   30,07324
28,04793    ;   114384,90000    ;   330,78844    ;   110782,50000    ;   241,89816    ;   813,10000     ;   30,88131
28,04891    ;   114433,80000    ;   365,32506    ;   110694,40000    ;   543,79126    ;   925,70000     ;   25,69068
28,04993    ;   114357,00000    ;   253,79651    ;   110879,30000    ;   206,40039    ;   1031,40000    ;   35,92028
28,05090    ;   114416,00000    ;   278,61842    ;   111025,70000    ;   454,84162    ;   1111,50000    ;   58,63493
28,05192    ;   114466,10000    ;   283,62473    ;   110887,80000    ;   256,09712    ;   1099,80000    ;   54,46671
28,05290    ;   114647,40000    ;   156,74551    ;   110912,20000    ;   498,10726    ;   1244,20000    ;   30,34176
28,05392    ;   114556,50000    ;   290,23984    ;   111098,60000    ;   312,65075    ;   1404,90000    ;   38,00132
28,05493    ;   114458,90000    ;   365,12812    ;   111170,50000    ;   395,13605    ;   1485,70000    ;   43,87115
28,05591    ;   114812,10000    ;   573,06107    ;   111127,20000    ;   314,44123    ;   1682,30000    ;   43,91418
28,05692    ;   115047,10000    ;   391,70296    ;   111339,70000    ;   458,92412    ;   1820,60000    ;   61,47122
28,05794    ;   115014,00000    ;   414,20285    ;   111259,10000    ;   271,83224    ;   1971,30000    ;   44,44235
28,05892    ;   114931,10000    ;   143,52735    ;   111366,40000    ;   306,59535    ;   2036,40000    ;   55,34578
28,05990    ;   115089,80000    ;   189,25339    ;   111419,40000    ;   226,72019    ;   2090,80000    ;   38,29360
28,06091    ;   115001,60000    ;   378,08118    ;   111394,60000    ;   501,12456    ;   2200,00000    ;   36,37154
28,06193    ;   115070,50000    ;   289,74826    ;   111135,70000    ;   272,95667    ;   2224,70000    ;   27,24396
28,06291    ;   114940,30000    ;   289,21236    ;   111378,80000    ;   398,36103    ;   2235,30000    ;   54,67490
28,06392    ;   114965,90000    ;   279,76278    ;   111293,50000    ;   300,09934    ;   2337,80000    ;   52,24260
28,06490    ;   115208,70000    ;   466,25745    ;   111344,30000    ;   399,32055    ;   2330,10000    ;   74,34671
28,06592    ;   115146,20000    ;   364,33708    ;   111418,50000    ;   395,91196    ;   2391,50000    ;   52,48968
28,06689    ;   115210,60000    ;   223,63025    ;   111527,50000    ;   424,92856    ;   2438,30000    ;   58,37056
28,06791    ;   115004,80000    ;   408,08763    ;   111375,30000    ;   316,98687    ;   2439,40000    ;   74,80968
28,06893    ;   114960,00000    ;   125,34131    ;   111254,10000    ;   149,39392    ;   2483,70000    ;   36,61223
28,06991    ;   114960,30000    ;   312,05272    ;   111555,50000    ;   256,69102    ;   2441,60000    ;   44,52515
28,07092    ;   114908,10000    ;   316,55382    ;   111277,40000    ;   302,58597    ;   2479,70000    ;   33,72454
28,07190    ;   115002,90000    ;   475,10594    ;   111313,30000    ;   328,84378    ;   2478,20000    ;   50,83699
28,07292    ;   114907,40000    ;   385,99718    ;   111036,30000    ;   227,22287    ;   2466,80000    ;   67,94082
28,07389    ;   114766,90000    ;   259,23196    ;   111380,80000    ;   427,76936    ;   2471,80000    ;   37,58782
28,07491    ;   114774,60000    ;   198,12746    ;   111162,00000    ;   220,12976    ;   2439,30000    ;   36,93553
28,07589    ;   114724,30000    ;   304,71810    ;   110993,30000    ;   256,84195    ;   2480,20000    ;   49,70982
28,07690    ;   114813,40000    ;   325,60480    ;   111097,30000    ;   461,81262    ;   2432,40000    ;   39,66303
28,07792    ;   114489,50000    ;   381,31476    ;   111116,40000    ;   467,18738    ;   2482,50000    ;   52,83780
28,07890    ;   114676,10000    ;   370,59845    ;   111017,30000    ;   344,54029    ;   2518,10000    ;   57,70124
28,07992    ;   114668,30000    ;   176,87098    ;   110969,10000    ;   265,95967    ;   2438,80000    ;   35,26660
28,08089    ;   114773,70000    ;   209,25373    ;   111169,50000    ;   320,78177    ;   2491,10000    ;   53,52144
28,08191    ;   114892,00000    ;   234,65483    ;   111216,70000    ;   502,07592    ;   2486,70000    ;   29,73232
28,08289    ;   114746,00000    ;   312,02172    ;   110947,40000    ;   367,15791    ;   2468,50000    ;   47,75691
28,08390    ;   114774,70000    ;   154,87920    ;   111117,30000    ;   347,57063    ;   2486,20000    ;   40,70708
28,08488    ;   114841,80000    ;   271,14768    ;   110940,20000    ;   514,02028    ;   2443,80000    ;   34,03201
28,08586    ;   114854,20000    ;   251,53343    ;   111159,10000    ;   190,19081    ;   2478,60000    ;   63,26347
28,08691    ;   114641,20000    ;   371,50828    ;   111080,80000    ;   402,65502    ;   2465,90000    ;   57,22752
28,08789    ;   114696,00000    ;   435,86211    ;   111019,20000    ;   335,50585    ;   2469,80000    ;   62,59002
28,08891    ;   114808,20000    ;   411,91040    ;   111107,70000    ;   191,23171    ;   2471,20000    ;   56,35562
28,08988    ;   114565,50000    ;   291,18618    ;   111030,30000    ;   380,59020    ;   2495,30000    ;   39,76612
28,09090    ;   114723,10000    ;   301,84413    ;   111216,00000    ;   320,16975    ;   2483,80000    ;   48,01342
28,09188    ;   114728,90000    ;   376,50216    ;   110988,80000    ;   374,30760    ;   2477,80000    ;   40,49911
28,09286    ;   114803,00000    ;   225,80769    ;   110889,30000    ;   359,77803    ;   2490,10000    ;   69,36610
28,09391    ;   114643,60000    ;   212,62811    ;   111142,40000    ;   351,36818    ;   2466,60000    ;   41,98730
28,09489    ;   114707,00000    ;   286,13594    ;   110978,40000    ;   360,32707    ;   2464,80000    ;   31,97846
28,09591    ;   114756,50000    ;   266,31362    ;   111061,30000    ;   250,87759    ;   2470,50000    ;   44,59509
28,09688    ;   114636,50000    ;   263,97864    ;   111306,30000    ;   359,60257    ;   2494,10000    ;   64,69321
28,09794    ;   114685,10000    ;   435,72607    ;   111066,60000    ;   428,51273    ;   2473,90000    ;   40,13436
28,09884    ;   114707,40000    ;   182,41966    ;   110982,10000    ;   329,69462    ;   2468,70000    ;   41,07459
28,09989    ;   114598,10000    ;   291,08321    ;   111030,50000    ;   431,24039    ;   2475,20000    ;   48,00880
28,10087    ;   114733,00000    ;   561,22228    ;   110949,40000    ;   291,09800    ;   2467,70000    ;   34,89365
28,10189    ;   114769,20000    ;   275,79977    ;   111049,40000    ;   380,74494    ;   2495,10000    ;   45,04183
28,10291    ;   114608,60000    ;   323,43407    ;   110945,70000    ;   349,52350    ;   2471,40000    ;   25,77337
28,10384    ;   114600,60000    ;   312,44384    ;   110960,50000    ;   407,43868    ;   2480,50000    ;   53,02463
28,10490    ;   114650,40000    ;   324,81352    ;   111119,30000    ;   223,47610    ;   2481,30000    ;   36,69105
28,10588    ;   114552,00000    ;   272,26703    ;   110818,20000    ;   257,38894    ;   2474,60000    ;   44,23975
28,10689    ;   114625,20000    ;   425,60435    ;   111033,80000    ;   550,92343    ;   2460,20000    ;   61,90279
28,10787    ;   114687,50000    ;   479,38578    ;   111091,30000    ;   397,16860    ;   2494,60000    ;   55,52817
28,10889    ;   114621,30000    ;   237,99582    ;   110930,50000    ;   254,22092    ;   2470,60000    ;   64,37770
28,10990    ;   114658,40000    ;   265,97836    ;   111142,90000    ;   335,38948    ;   2475,80000    ;   53,35375
28,11092    ;   114657,10000    ;   209,93674    ;   110890,90000    ;   312,53602    ;   2473,60000    ;   66,25238
28,11190    ;   114841,60000    ;   321,74048    ;   110850,60000    ;   308,24060    ;   2457,10000    ;   47,78761
28,11287    ;   114672,10000    ;   420,00541    ;   110821,90000    ;   387,99583    ;   2500,00000    ;   61,28984
28,11389    ;   114725,70000    ;   292,08144    ;   110915,80000    ;   336,46027    ;   2486,90000    ;   72,36704
28,11487    ;   114650,40000    ;   442,06566    ;   110979,60000    ;   225,28313    ;   2466,00000    ;   52,49127
28,11593    ;   114503,30000    ;   408,10213    ;   110895,90000    ;   418,44512    ;   2470,50000    ;   39,78903
28,11682    ;   114542,40000    ;   320,87976    ;   110959,60000    ;   381,42516    ;   2481,10000    ;   44,48833
28,11788    ;   114596,10000    ;   162,91542    ;   110879,40000    ;   219,93949    ;   2465,90000    ;   68,39826
28,11890    ;   114560,90000    ;   247,17221    ;   110969,70000    ;   257,77770    ;   2460,70000    ;   28,83690
28,11987    ;   114580,60000    ;   312,93528    ;   110750,70000    ;   374,82175    ;   2463,60000    ;   43,15656
28,12089    ;   114484,40000    ;   237,72823    ;   111086,40000    ;   383,82814    ;   2488,30000    ;   48,21952
28,12187    ;   114540,90000    ;   362,93417    ;   110664,70000    ;   224,97459    ;   2470,00000    ;   59,74576
28,12288    ;   114328,00000    ;   237,23406    ;   110867,30000    ;   387,21859    ;   2447,80000    ;   43,19928
28,12390    ;   114377,90000    ;   245,23705    ;   110940,20000    ;   345,99127    ;   2458,70000    ;   51,28580
28,12488    ;   114502,70000    ;   273,48941    ;   110865,90000    ;   185,30303    ;   2428,60000    ;   55,76379
28,12589    ;   114423,50000    ;   210,60719    ;   110800,20000    ;   356,58529    ;   2459,20000    ;   54,78808
28,12687    ;   114422,20000    ;   358,31699    ;   110818,20000    ;   218,65234    ;   2429,60000    ;   42,01375
28,12789    ;   114495,60000    ;   251,39707    ;   110916,80000    ;   280,04635    ;   2453,00000    ;   44,81071
28,12887    ;   114197,00000    ;   186,95038    ;   110585,30000    ;   240,34237    ;   2429,40000    ;   55,69600
28,12988    ;   114241,20000    ;   321,56347    ;   110631,00000    ;   358,60068    ;   2481,50000    ;   34,56154
28,13086    ;   114274,00000    ;   379,17659    ;   110604,50000    ;   419,23826    ;   2483,60000    ;   36,91492
28,13188    ;   114262,10000    ;   495,56151    ;   110515,90000    ;   280,03113    ;   2469,00000    ;   39,85808
28,13285    ;   114254,40000    ;   514,83335    ;   110500,60000    ;   170,76703    ;   2442,90000    ;   38,67371
28,13383    ;   114215,90000    ;   310,10874    ;   110820,20000    ;   352,55537    ;   2482,00000    ;   28,93287
28,13489    ;   114295,20000    ;   309,42700    ;   110337,00000    ;   348,91419    ;   2424,50000    ;   54,50637
28,13586    ;   114239,70000    ;   289,25116    ;   110585,40000    ;   318,16425    ;   2448,80000    ;   54,33190
28,13688    ;   114242,10000    ;   244,70320    ;   110700,90000    ;   239,12500    ;   2467,70000    ;   32,60896
28,13786    ;   114033,00000    ;   371,19836    ;   110399,40000    ;   265,71254    ;   2463,70000    ;   32,79244
28,13888    ;   114230,00000    ;   315,02839    ;   110365,10000    ;   321,79063    ;   2464,30000    ;   56,23769
28,13985    ;   114119,80000    ;   261,96259    ;   110535,40000    ;   250,59272    ;   2460,10000    ;   48,25960
28,14087    ;   114005,00000    ;   330,97835    ;   110551,10000    ;   196,98869    ;   2443,90000    ;   24,96865
28,14193    ;   114063,30000    ;   210,13808    ;   110344,20000    ;   309,41192    ;   2457,90000    ;   54,43947
28,14286    ;   114230,10000    ;   168,70319    ;   110428,10000    ;   323,59077    ;   2467,50000    ;   65,12765
28,14388    ;   114198,30000    ;   330,43878    ;   110528,70000    ;   250,99139    ;   2461,50000    ;   39,31709
28,14486    ;   114176,40000    ;   309,89324    ;   110699,40000    ;   390,89277    ;   2469,50000    ;   60,31445
28,14587    ;   113979,80000    ;   277,36570    ;   110514,00000    ;   236,10732    ;   2444,60000    ;   45,39995
28,14685    ;   114042,80000    ;   311,89664    ;   110230,70000    ;   400,36873    ;   2435,60000    ;   47,73352
28,14787    ;   114239,00000    ;   194,30045    ;   110494,00000    ;   288,88829    ;   2462,10000    ;   32,43952
28,14884    ;   114093,50000    ;   194,42465    ;   110635,30000    ;   320,40566    ;   2435,30000    ;   51,69795
28,14986    ;   114145,40000    ;   362,80671    ;   110326,10000    ;   268,21113    ;   2456,40000    ;   42,19847
28,15088    ;   113805,80000    ;   288,62425    ;   110405,60000    ;   396,31194    ;   2454,60000    ;   46,68857
28,15186    ;   113809,00000    ;   253,99256    ;   110378,80000    ;   389,97801    ;   2440,10000    ;   38,57878
28,15287    ;   114015,30000    ;   334,43719    ;   110679,20000    ;   251,31335    ;   2457,10000    ;   53,77618
28,15385    ;   114012,90000    ;   282,04588    ;   110413,50000    ;   283,07959    ;   2461,20000    ;   52,42307
28,15487    ;   114082,70000    ;   440,60238    ;   110477,90000    ;   313,57702    ;   2446,40000    ;   34,87501
28,15584    ;   113815,30000    ;   215,56698    ;   110307,00000    ;   331,00554    ;   2458,80000    ;   65,82941
28,15682    ;   113804,50000    ;   342,36895    ;   110323,50000    ;   235,85930    ;   2454,00000    ;   39,02706
28,15788    ;   113958,40000    ;   580,61064    ;   110400,70000    ;   449,40406    ;   2464,40000    ;   61,07227
28,15885    ;   113960,40000    ;   228,49761    ;   110573,80000    ;   382,56613    ;   2431,60000    ;   58,66326
28,15987    ;   113986,10000    ;   394,85537    ;   110261,30000    ;   238,13211    ;   2450,50000    ;   53,92433
28,16085    ;   114137,40000    ;   348,71676    ;   110407,50000    ;   455,47759    ;   2462,10000    ;   54,76505
28,16187    ;   113675,70000    ;   373,46487    ;   110257,70000    ;   318,57811    ;   2455,70000    ;   48,42417
28,16284    ;   113900,10000    ;   282,01791    ;   110176,60000    ;   540,76699    ;   2413,80000    ;   34,50861
28,16390    ;   113756,50000    ;   396,88432    ;   110255,60000    ;   418,36034    ;   2432,30000    ;   66,12791
28,16479    ;   113886,80000    ;   409,43886    ;   110545,30000    ;   419,35322    ;   2463,90000    ;   51,87688
28,16585    ;   113884,10000    ;   305,06846    ;   110273,80000    ;   275,82837    ;   2436,60000    ;   37,73651
28,16687    ;   113814,10000    ;   302,57835    ;   110329,90000    ;   311,55041    ;   2464,10000    ;   41,87136
28,16785    ;   113889,90000    ;   306,77877    ;   110287,70000    ;   270,83289    ;   2440,20000    ;   28,40110
28,16886    ;   113856,10000    ;   433,73455    ;   110371,40000    ;   210,15349    ;   2424,40000    ;   61,04133
28,16984    ;   113950,70000    ;   353,77584    ;   110332,80000    ;   335,23418    ;   2469,10000    ;   51,99669
28,17082    ;   113874,70000    ;   309,44971    ;   110309,40000    ;   350,97901    ;   2461,50000    ;   37,79844
28,17183    ;   113766,20000    ;   227,91753    ;   110087,90000    ;   324,97981    ;   2439,20000    ;   65,08422
28,17285    ;   113885,40000    ;   472,98771    ;   110228,00000    ;   231,89940    ;   2443,60000    ;   34,60315
28,17387    ;   113908,00000    ;   296,52019    ;   110298,00000    ;   125,62024    ;   2434,10000    ;   33,07382
28,17484    ;   113679,40000    ;   290,51609    ;   110125,30000    ;   318,45357    ;   2424,30000    ;   44,29961
28,17586    ;   113781,10000    ;   257,52344    ;   110372,10000    ;   433,20420    ;   2468,10000    ;   44,38831
28,17684    ;   113643,00000    ;   315,74779    ;   110128,20000    ;   393,79120    ;   2432,10000    ;   55,59866
28,17786    ;   113798,90000    ;   365,77238    ;   110311,60000    ;   451,75908    ;   2437,10000    ;   60,07671
28,17883    ;   113637,10000    ;   301,34714    ;   110194,60000    ;   261,03520    ;   2452,20000    ;   37,29105
28,17985    ;   113839,20000    ;   186,69333    ;   110188,80000    ;   196,88677    ;   2435,00000    ;   58,74805
28,18083    ;   113756,10000    ;   404,27616    ;   109943,70000    ;   368,77185    ;   2446,20000    ;   37,65575
