# Quantenoptiklabor: Experiment Interferenz und Existenz des Photons
# Messung vom 15.09.2008, 12:58 Uhr
# Datenaufnahme: jeder Messpunkt: 10 * 30 Sekundnen
# Didaktik der Physik, Universität Erlangen
# Lab-User: P. Bronner


#Achsenbeschriftung:

Weg 	Piezo	Alice 		Stab Alice 	Int T 		Stab Int T 	Int R 		Stabw Int R 	CC Al-IT Stabw CC 	CCAlIR 	StabwCC 	CCITIR 	StabCC CCAlITIR StabCC 	g2 	Stabg2 	Zahl 	Zeit

0,0169	13,0146	20431582	12914,486	85314,2		51260,4704	83694,7		50645,0121	3707,6	3220,1892	3819,6	3286,1314	2,9	3,6347	0,1	0,3162	0	0	10	30
0,0143	13,0238	20413686,7	7777,084	36199,6		17019,8187	33946,8		16515,6134	2803,9	1761,8722	2726,9	1740,1572	0,2	0,4216	0	0	0	0	10	30
0,0189	13,0421	20401000,9	14892,0595	130610,5	26059,1581	126169,9	25480,6531	10700,9	1928,7637	10488	1870,1973	2,5	2,1213	0	0	0	0	10	30
0,0241	13,0627	20387888,9	16141,2112	213728,4	15064,0034	207960,3	14709,3679	16239,5	964,4766	16141,1	889,1798	7,4	2,8752	0,6	0,8433	0,0467	0,0804	10	30
0,03	13,0856	20376355,3	10813,5084	252540		4653,2332	246331,8	4653,2829	18200,2	188,9814	18007,7	177,8464	12,2	4,8944	1	0,8165	0,0622	0,0628	10	30
0,0352	13,1016	20379563,2	7087,9017	256465,6	1635,1646	250736,7	1725,8729	17604,1	386,2033	17561,9	326,1964	10,8	3,3599	1,4	0,8433	0,0923	0,0669	10	30
0,0404	13,1222	20371102,5	9721,7202	245064,7	3897,6944	240014,1	3766,5138	16229	351,0286	16211,4	401,9782	11,6	3,3066	1,2	1,0328	0,0929	0,0975	10	30
0,0463	13,1428	20370792,6	7729,2646	221870,7	3835,557	217849,8	3705,1895	14070,2	382,6814	14157,8	320,2613	8,7	2,7101	1,2	1,3166	0,1227	0,1506	10	30
0,0521	13,1634	20365585,8	9835,1323	199427,7	6056,5793	195837,9	5903,8998	12195,4	444,0136	12325,7	527,5503	6,9	2,9609	0,4	0,5164	0,0542	0,0825	10	30
0,0567	13,184	20351287,1	7430,384	171497,1	4173,7291	168507,3	4105,1815	10040,4	309,5417	10090,7	261,8218	4,7	2,0028	0,3	0,483	0,0603	0,1068	10	30
0,0626	13,2023	20368048,4	7323,6875	151634,9	3354,7769	148979,5	3410,4454	8555,9	269,2638	8648,5	303,122		3,2	1,7512	0,2	0,6325	0,0551	0,1804	10	30
0,0678	13,2252	20356189,5	10489,582	130450,8	3382,3691	128496,5	3070,0578	7000,1	261,0264	7086,1	228,2988	3,6	1,5055	0,2	0,4216	0,0821	0,2123	10	30
0,0723	13,2412	20346664,9	3401,5142	110306		2687,0309	108521,8	2664,4809	5592,8	192,6573	5738,8	193,075		2,4	1,7127	0,2	0,4216	0,1268	0,2782	10	30
0,0776	13,2618	20359081,5	8822,7177	96055,3		3433,7921	94691,6		3069,6109	4621,1	212,0966	4769,5	197,0794	1,1	1,1972	0,1	0,3162	0,0924	0,3412	10	30
0,0828	13,2824	20360422,2	9682,569	79016,2		4559,4502	77463,1		4665,5162	3533,8	305,6046	3615,4	327,9808	1,3	1,2517	0	0	0	0	10	30
0,0886	13,303	20347176,6	7131,2411	65156,7		2104,8846	63789		2220,5721	2640,1	124,9786	2728,1	134,6018	0,6	0,6992	0	0	0	0	10	30
0,0932	13,3213	20343088,9	6587,3338	54983,8		1776,231	53815,5		1849,5385	2043,6	118,636		2145,7	119,7322	0,8	0,7888	0	0	0	0	10	30
0,0991	13,3419	20344916,5	7292,501	41289,7		2017,4656	40216,7		1755,1263	1258,3	101,0886	1325,3	97,7185		0,3	0,6749	0	0	0	0	10	30
0,1043	13,3625	20345888,8	10765,5887	33255,2		1128,0727	32113,5		1328,1052	827,3	70,874		878,1	80,8214		0,2	0,4216	0,1	0,3162	0	0	10	30
0,1095	13,3831	20358821,1	7508,6822	26562,7		931,4669	25377,1		861,7265	523,5	48,5827		546,6	44,1618		0	0	0	0	0	0	10	30
0,1147	13,4014	20359769,6	8371,3362	22018,8		1257,0608	20792,6		1211,2347	308,7	52,0343		340,4	48,5574		0,2	0,4216	0	0	0	0	10	30
0,1199	13,422	20358487,4	8132,2742	18587,5		875,9985	17364,4		855,7625	195,2	24,0083		217,5	24,9321		0,1	0,3162	0	0	0	0	10	30
0,1251	13,4449	20348371,8	9775,7558	15195,8		586,5041	13800,1		584,7004	139	12,3558		131,3	11,4509		0	0	0	0	0	0	10	30
0,1316	13,4632	20335847,5	4834,7878	13505,5		279,3911	12112		317,9874	165,4	19,5516		159,8	16,4574		0	0	0	0	0	0	10	30
0,1362	13,4838	20332093,1	7301,1903	12887,2		151,1973	11436,1		194,4676	274,4	34,8144		240,2	28,7819		0	0	0	0	0	0	10	30
0,1414	13,5022	20334861,6	5775,2969	13340,8		309,5544	11657,3		259,7944	435	63,2947		398,1	67,4		0	0	0	0	0	0	10	30
0,1473	13,5228	20328551,1	7919,8172	14009,3		442,2601	12304,2		341,439		590,9	73,8037		527,9	70,1022		0	0	0	0	0	0	10	30
0,1532	13,5456	20330663,7	8367,6329	15086,4		395,8816	13327,5		306,289		735	52,852		689,3	62,9816		0,1	0,3162	0	0	0	0	10	30
0,1584	13,5617	20333129,2	6261,9857	18587		1049,679	16732,6		931,359		1160,1	105,9197	1119	106,9548	0	0	0	0	0	0	10	30
0,1642	13,5823	20332449,6	5333,1729	22529,4		1533,6744	20445		1442,4913	1582,5	161,7599	1520,7	163,1271	0	0	0	0	0	0	10	30
0,1701	13,6052	20329390,6	8040,6748	26686,2		1111,1231	24441,2		1020,286	1999,8	118,5494	1908	109,0749	0,4	0,6992	0	0	0	0	10	30
0,1747	13,6212	20328043,2	6433,0799	31399,5		1225,4403	28871,7		1152,6599	2445,7	102,0066	2320	104,6274	0	0	0	0	0	0	10	30
0,1812	13,6441	20327524,8	7614,6882	35479		2120,3945	33043,7		1888,9364	2784,1	195,808		2684,4	181,0949	0,4	0,6992	0,1	0,3162	0	0	10	30
0,1864	13,6624	20327309,5	6495,6653	43891,5		2156,6304	41346,4		2093,5105	3518	226,9288	3456,8	209,5932	0,4	0,6992	0,1	0,3162	0	0	10	30
0,1916	13,683	20330037	6317,7148	50754,3		1313,8499	47917,6		1425,397	4119,8	121,1535	3971	117,687		0,6	0,8433	0	0	0	0	10	30
0,1981	13,7036	20326750,4	8462,6479	57472,4		2101,5638	54313,2		2055,0114	4646,6	245,4828	4535,4	219,5086	0,6	0,6992	0,2	0,4216	0	0	10	30
0,204	13,7219	20325916,3	5449,2973	66293		1513,4737	63206,9		1255,2215	5383,8	133,0479	5275,3	135,2529	0,3	0,483	0,1	0,3162	0,0716	0,2376	10	30
0,2098	13,7425	20325124	6184,6601	77496,1		1855,2881	73778,5		1807,3897	6254	187,5633	6070,7	169,7849	1	1,0541	0,2	0,4216	0,1071	0,2493	10	30
0,2157	13,7654	20328103,6	7087,9345	84586,7		2914,8964	80952,3		2992,2085	6820,5	233,0089	6657,1	235,1319	0,8	0,7888	0,2	0,4216	0,0895	0,2105	10	30
0,2209	13,7814	20325944,1	5570,1778	97316		3021,9886	93328,3		2837,1671	7740,5	311,8263	7596,7	218,1142	2	0,8165	0,4	0,6992	0,1383	0,2614	10	30
0,2268	13,8043	20333291,6	10199,3135	107355,4	1612,4981	103321,6	1457,9915	8512,9	161,2889	8422,1	124,7179	1,7	0,9487	0,1	0,3162	0,0284	0,0959	10	30
0,2333	13,8226	20343163,1	10123,8723	121445,5	2704,8551	116900,8	2779,962	9584,7	199,8161	9404,9	207,8287	3,1	2,2828	0,2	0,4216	0,0451	0,1064	10	30
0,2398	13,8432	20354905,3	7410,8433	137253,2	2186,8958	132352,7	2186,3481	10713,1	160,4054	10535,6	148,8498	2,3	1,7029	0,1	0,3162	0,018	0,0584	10	30
0,245	13,8615	20376202,2	12251,1722	146388,4	3239,9626	141356,9	3018,6491	11395,1	229,0281	11161,5	263,7538	2,9	1,4491	0,5	0,527	0,0801	0,1206	10	30
0,2509	13,8821	20387453	9193,908	149443,9	1720,9554	144698,5	1827,5029	11586	123,3378	11414,3	123,0041	4	1,6997	0,5	0,8498	0,0771	0,1446	10	30
0,2574	13,9027	20400598,7	10771,4851	164720,9	2579,3842	159290,7	2426,5441	12651,1	192,9948	12471,1	237,6442	6,3	2,0028	1,3	1,3375	0,1681	0,2245	10	30
0,2639	13,9233	20416780,2	8879,6451	175030,2	1804,068	169626,1	1647,3664	13383,4	129,8325	13254,7	91,8139		4,2	1,6193	0,4	0,6992	0,046	0,0861	10	30
0,2692	13,9416	20426872,2	10903,8015	186841,4	2093,7184	180784,2	2191,6069	14171,9	190,9633	13944,1	257,8667	5,9	2,846	0,4	0,6992	0,0413	0,079	10	30
0,2757	13,9645	20450797,4	12683,6597	201003,9	2935,2624	194859,4	2711,1618	15181,2	172,8087	15002,6	261,8631	7,5	2,8382	0,9	0,7379	0,0808	0,0946	10	30
0,2822	13,9828	21028521,4	96231,6118	213804,5	2180,0587	207458,9	2571,4739	15820,3	182,8023	15625,1	140,0329	7,1	2,2336	0,7	0,8233	0,0595	0,3689	10	30
0,2881	14,0057	21054786,5	10920,8539	223094		2277,8602	216479,8	2155,7001	16353,7	187,1708	16170,1	171,977		8,2	3,1903	1,3	0,8233	0,1035	0,0953	10	30
0,2939	14,0217	21036881,1	9611,7049	233512,7	2216,9404	226783,1	2223,8309	16988	210,6756	16814,8	218,6777	10,5	1,8409	1,7	1,0593	0,1252	0,1054	10	30
0,2985	14,0423	21021321,8	9983,2951	245213,1	2255,8108	238927,6	2376,54		17604,9	206,2407	17482,8	168,2114	9,3	4,4485	0,7	0,8233	0,0478	0,0624	10	30
0,305	14,0629	21013992,3	10574,2081	253467,8	1522,9382	246508,1	1490,6926	18049,2	140,4523	17845,4	147,6326	10,2	3,7653	1	1,2472	0,0652	0,0899	10	30
0,3102	14,0812	21025850,3	11377,2499	258213,8	1049,9305	251737,7	1054,5557	18276,1	139,0447	18134,2	121,2104	12,6	3,7771	1,7	1,1595	0,1079	0,0996	10	30
0,3167	14,1018	21035634,7	7749,7843	262885,3	826,0873	256034,6	928,3375	18441,9	125,4117	18439,2	86,5317		10,7	2,9458	1,1	1,1005	0,068	0,0738	10	30
0,3232	14,1247	21031480,4	6752,8543	265259,6	413,3014	258748,3	755,3108	18487,7	144,5599	18437,3	134,4115	12,2	3,0111	0,9	0,7379	0,0555	0,0498	10	30
0,3304	14,143	21014201,5	9945,172	267056,3	1014,7597	260145,2	1213,5887	18620,4	101,5176	18526,8	172,4044	14,4	2,5473	1,4	1,075	0,0853	0,0798	10	30
0,335	14,1614	20984326,1	13404,2367	268683,2	440,0431	262156		725,4943	18434,2	155,9749	18443,3	90,7549		13,9	2,6013	1,2	0,7888	0,0741	0,0726	10	30
0,3415	14,182	20954905,4	12389,0969	266971,8	1221,4961	260714,9	1236,3125	18201,5	202,5752	18165	187,4021	13,6	2,9889	1,9	0,9944	0,1204	0,1034	10	30
0,3493	14,2048	20972382,7	6387,5748	263999,9	760,0191	257917,4	630,6338	17838,7	183,8297	17783,1	86,1813		14,6	2,9515	1,2	1,3984	0,0793	0,0967	10	30
0,3545	14,2232	20965098,4	8088,517	261221,9	1104,0953	255367		1018,3874	17442,7	185,4137	17452,9	173,9383	13,5	3,5668	1,6	1,2649	0,1102	0,101	10	30
0,361	14,2415	20948097,2	11775,8617	256198,2	996,6779	250633,5	981,2232	16958	194,0286	16982,5	126,1729	12,3	3,7133	1,5	0,9718	0,1091	0,1036	10	30
0,3669	14,2621	20937859,3	8414,8116	250062,6	829,0738	244772,8	609,9919	16442,8	113,9491	16487	130,7644	12,7	2,4967	0,9	1,1005	0,0695	0,0921	10	30
0,3734	14,2804	20919680,4	7661,7205	241323,6	1277,4256	236584,7	1474,6373	15663,4	160,6108	15753,7	104,0802	13,5	4,79	1	1,2472	0,0848	0,1136	10	30
0,3799	14,301	20890726,5	12140,588	231133,6	3487,557	226568,2	3371,7412	14923,2	278,1342	14942,9	288,5282	10,3	2,9458	0,8	0,7888	0,0749	0,0958	10	30
0,3858	14,3193	20897257,6	12797,405	213044,2	2855,6052	209158,9	2780,5172	13466,3	290,8902	13588,5	223,3842	7,3	2,9458	0,8	0,7888	0,0914	0,1251	10	30
0,393	14,3399	20896133,1	5422,6131	192574,1	2251,257	189308		2253,9818	11853,3	197,9439	12007,5	250,7235	7,7	2,9078	0,6	0,6992	0,0881	0,1103	10	30
0,3995	14,3628	20875563	12675,7134	178400,6	3432,9628	175340,5	3266,604	10778,8	239,5309	10910,8	255,4594	5,3	1,567	0,7	1,2517	0,1243	0,2659	10	30
0,4054	14,3834	20851912	6357,7764	158566,1	4932,6367	156215,6	4604,8056	9366,4	371,3229	9507,9	292,0892	5,7	2,9833	0,6	0,6992	0,1405	0,1895	10	30
0,4112	14,4017	20854284,1	8499,8762	138016,5	3856,1887	136252,6	3925,692	7934,5	282,5177	8023,6	257,9824	2,8	1,7512	0,2	0,4216	0,0655	0,1549	10	30
0,4184	14,4223	20866323,2	7493,1438	122170,2	4015,4138	120402,3	3915,9978	6747,6	267,8255	6943,5	328,805		2,4	1,3499	0,5	0,527	0,2227	0,3411	10	30
0,4249	14,4406	20849458,7	13227,0643	103889,8	1744,751	102305,6	1880,1118	5563,5	125,4877	5680,8	143,6816	2,2	2,0976	0,2	0,4216	0,1319	0,4192	10	30
0,4301	14,4589	20831843,9	9540,8581	89036,9		1539,4475	87740,5		1554,9153	4594,8	126,6349	4711,5	146,5228	1,9	1,2867	0,2	0,4216	0,1925	0,5695	10	30
0,4366	14,4795	20823243,9	7853,1022	75881,9		1736,6204	74733,3		1568,742	3756,8	102,2489	3833,5	130,3911	0,6	0,8433	0,1	0,3162	0,1446	0,5481	10	30
0,4432	14,5001	20819980,3	6555,9311	65077,5		1908,6907	63793,4		1992,6527	3004,7	157,6473	3124,1	121,5497	0,6	1,2649	0,1	0,3162	0	0	10	30
0,4503	14,523	20829648,5	10366,8442	55141,2		2250,0705	54152,8		2227,2569	2411,8	141,8942	2523	169,5805	0,9	0,9944	0,2	0,4216	0	0	10	30
0,4555	14,539	20819286,5	8648,4601	41305,6		2535,8467	40267,5		2585,7792	1567,2	167,6191	1659,3	168,2908	0,1	0,3162	0	0	0	0	10	30
0,4621	14,5619	20798636	9398,46		29936,5		2625,2293	28925,6		2680,3675	918,4	149,396		961,2	137,7629	0,3	0,483	0	0	0	0	10	30
0,4686	14,5825	20803831,5	17761,8766	18175,1		1932,0414	17114,4		1939,2319	334,7	90,6863		361,5	90,253		0,1	0,3162	0	0	0	0	10	30
0,4744	14,6008	20827155,2	9202,1538	12767,6		886,3294	11639,7		977,1542	121,1	27,0245		126	26,2974		0	0	0	0	0	0	10	30
0,481	14,6214	20826944,3	11386,3067	10469,7		197,4499	9002,6		240,903		161	49,6297		149	43,7366		0	0	0	0	0	0	10	30
0,4875	14,6397	20824405,3	11111,9994	14075,5		1163,1361	12196,6		1075,0936	709,8	124,4926	636,9	128,705		0	0	0	0	0	0	10	30
0,4933	14,6603	20834145,3	6024,8769	20021,2		1002,4478	17886,8		1011,1216	1258,6	103,6674	1207,6	94,4083		0	0	0	0	0	0	10	30
0,4999	14,6832	20820258,3	13715,7398	31025,4		2802,8095	28459,7		2757,5209	2192	253,6787	2111,4	243,2503	0,2	0,6325	0	0	0	0	10	30
0,5051	14,6992	20815177,2	6468,935	55895		7649,0437	52279,1		7506,0271	4133,1	611,2485	3999	590,9018	0,5	0,7071	0	0	0	0	10	30
0,5129	14,7221	20827667,9	16931,0317	89604,3		7789,3118	85519,9		7633,9999	6651,8	607,497		6521,9	590,4191	0,9	0,7379	0,2	0,6325	0,096	0,3899	10	30
0,5194	14,7427	20834659,4	10466,5251	124073,7	8226,9872	118970,2	8107,3133	9081,5	569,4023	9031,6	599,9011	2,8	2,0976	0,2	0,4216	0,0508	0,1221	10	30
0,5259	14,761	20817571,9	8833,1525	158438,2	6197,9021	153006,2	6234,242	11507,5	444,7429	11364,5	502,085		4,3	2,2136	0,3	0,483	0,0478	0,0852	10	30
0,5318	14,7816	20830841,8	10704,6559	190064,4	4994,5339	183860,1	4817,358	13713,7	365,2296	13488,7	360,1272	7,5	2,6352	0,6	0,8433	0,0676	0,1086	10	30
0,539	14,8	20858982,9	9970,7647	217058,8	4874,3247	210361,9	4382,3788	15430,2	364,492		15315,7	240,6071	8,9	3,9847	0,7	0,8233	0,0618	0,0829	10	30
0,5448	14,8206	20857562,3	9868,2213	238998,8	3224,8357	232091,8	3327,2697	16864,3	230,3394	16613,9	243,4139	9,9	2,9231	0,8	0,7888	0,0596	0,0683	10	30
0,5513	14,8434	20854137,4	14785,7005	248747,7	3124,14		241748,4	3235,8197	17358,2	170,0724	17205,9	309,6914	11,5	2,2236	1,1	0,8756	0,0768	0,0895	10	30
0,5572	14,8595	20854447	11259,8654	260846,9	1697,6436	253931,4	2190,8201	18050,7	106,2597	17974,4	102,5998	11,6	2,8363	0,7	0,8233	0,045	0,0599	10	30
0,5631	14,8824	20855833,1	15565,0076	265316,2	932,7587	259025,5	755,959		18041,4	138,2769	18033,9	200,3877	12,2	3,0111	1	1,0541	0,0641	0,0873	10	30
0,5702	14,9007	20884786	11679,7771	258879,1	1516,3702	252823,7	1639,0421	17397	187,2823	17403,6	250,7638	11,5	5,0607	1	0,6667	0,069	0,0653	10	30
0,5768	14,919	20883645,6	11032,124	245744,2	3970,9707	240709		3666,0258	16295,8	366,8999	16360,6	317,1478	9,9	3,573	0,6	0,6992	0,047	0,0633	10	30
0,5839	14,9419	20875191,1	9038,0426	227234,7	3436,6488	223052,1	3191,577	14869,8	253,1064	14964,1	332,8561	8,7	3,335	1	0,4714	0,0938	0,0722	10	30
0,5904	14,9602	20866518,6	9715,0465	207041,1	4581,5974	203191,7	4876,5655	13345,2	325,7251	13443,2	354,0329	9,9	3,8715	1	1,2472	0,1163	0,168	10	30
0,597	14,9808	20883360,2	12916,8343	179557,1	6113,6828	176803,5	5830,4685	11353,5	428,3475	11458,2	391,9109	6,1	2,1833	0,5	0,7071	0,0803	0,1457	10	30
0,6035	15,0014	20905352,4	10430,6285	144434,6	7288,328	142621,4	7186,3621	8865,5	510,3988	8999,8	547,8227	3,9	1,6633	0,3	0,483	0,0786	0,1568	10	30
0,61	15,0197	20907230	10321,8582	122689,2	3878,2314	120947,8	3839,899	7330,6	254,8329	7486,4	284,6777	3,4	2,5906	0,5	0,7071	0,1905	0,3802	10	30
0,6159	15,0426	20908912,1	12966,7773	101654,1	2863,5037	100539,2	2815,755	5934,4	231,8799	6072,4	175,7752	2,5	1,4337	0,1	0,3162	0,058	0,223	10	30
0,623	15,0609	20916242,4	6193,3954	80922,3		5480,2406	80002,2		5304,6711	4550	404,6365	4648,6	336,3379	0,6	1,075	0	0	0	0	10	30
0,6289	15,0792	20897046	10721,4746	52652,4		3724,4376	51789,3		3642,4136	2688,2	222,221		2761,9	251,3375	0,1	0,3162	0	0	0	0	10	30
0,6361	15,0998	20895067,3	10068,6813	31166,8		3544,2469	30480,2		3543,8822	1286	223,1741	1367,4	242,8393	0	0	0	0	0	0	10	30
0,6432	15,1204	20889148,9	10858,3568	16595,3		2415,0132	15558,3		2374,4502	426,3	135,7506	457	129,396		0	0	0	0	0	0	10	30
0,6504	15,1433	20906449,8	17592,8094	9871,1		918,3837	8685,7		878,0863	108,4	25,114		109,3	32,9513		0	0	0	0	0	0	10	30
0,6569	15,1593	20916050,6	10652,3485	10012,1		1059,4142	8264,8		944,8844	236	101,4637	209,6	93,7458		0	0	0	0	0	0	10	30
0,6641	15,1799	20909707,2	11302,9236	14627		812,49		12467,4		725,5058	649,2	77,0062		581,9	62,8604		0	0	0	0	0	0	10	30
0,67	15,2005	20900134	8882,5548	22055,2		1039,4763	19477,6		1046,1277	1233,9	97,3064		1152,8	90,4234		0,1	0,3162	0	0	0	0	10	30
0,6765	15,2211	20901560,7	8317,8539	32332,6		2339,5929	29476		2156,1373	2012,1	175,9441	1955,7	173,0594	0,4	0,5164	0	0	0	0	10	30
0,683	15,2394	20895521,8	7363,3138	45898,5		2307,7286	42596,6		2347,4343	3004,2	197,4683	2861,4	183,1139	0,2	0,4216	0	0	0	0	10	30
0,6888	15,26	20899607,7	13286,597	62756,9		2282,5726	58867,6		2183,6122	4211,2	176,3675	4130,9	177,8198	0,9	0,8756	0	0	0	0	10	30
0,6967	15,2806	20922984,6	8233,6096	83935,2		4872,7905	79676,3		4749,3195	5770,4	331,3089	5588,5	326,6402	0,7	0,9487	0,2	0,4216	0,1298	0,3304	10	30
0,7032	15,3012	20925916	8153,6426	111711,3	4969,5778	106492,3	5038,1631	7683,4	341,7124	7498,2	385,0696	1,7	1,3375	0,1	0,3162	0,0363	0,1212	10	30
0,7097	15,3195	20936854,1	12274,4836	133383,7	3951,4433	127894,2	4002,2885	9192,4	249,7609	9045,7	342,0377	2,5	1,4337	0,1	0,3162	0,0252	0,0864	10	30
0,7162	15,3424	20937597,6	7798,5408	152757,9	5029,9492	147124,7	4852,7524	10539,9	290,9095	10420,9	292,5955	4	2,4495	0,6	0,8433	0,1144	0,1817	10	30
0,7234	15,3607	20940782,6	11336,9779	172342,9	3080,1159	166101,3	3029,5271	11945,7	267,7478	11764,6	248,6694	5,7	1,4181	0,9	0,9944	0,1341	0,1954	10	30
0,7293	15,379	20943661,8	9576,3678	185595,7	3453,6473	179027,1	3505,9639	12845,2	328,9119	12641,7	254,6959	5,2	1,6865	0,3	0,6749	0,0387	0,0917	10	30
0,7351	15,3996	20948435,9	8062,3445	208430,1	2542,4359	201282,2	2698,0364	14374,5	148,2365	14176,1	241,2414	8,8	2,6583	1,2	0,9189	0,1234	0,1171	10	30
0,7429	15,4202	20947905,2	10070,3478	227445		3539,1561	220313		3981,5088	15602,9	305,0765	15561,2	233,565		9,4	3,8355	0,4	0,6992	0,0345	0,0643	10	30
0,7501	15,4408	20945632,4	6254,1849	242583		2557,8398	235551,8	2672,2109	16690,2	182,0914	16545,5	201,2065	11,3	2,6268	1	1,0541	0,0758	0,0849	10	30
0,7566	15,4592	20929250	9697,252	255625,6	2335,2362	248178,5	1975,9668	17492,6	256,0205	17364,9	185,1831	12,1	5,2164	1,8	1,1353	0,124	0,1042	10	30
0,7638	15,4798	20909764,2	6346,0061	260587,1	1343,5587	253558,1	1536,4995	17819,9	94,8314		17726,7	182,4104	13,4	2,5033	0,7	0,8233	0,0463	0,0569	10	30
0,771	15,5026	20918415,8	14503,9056	264899,8	608,6498	257751,8	502,469		18064,9	113,9283	17900,3	138,8037	13,5	4,9272	1,4	1,6465	0,0906	0,129	10	30
0,7775	15,5232	20936365,6	10164,122	265397,1	449,398		258907,2	621,5134	18020,8	143,2052	17958,7	184,6125	12,4	2,7162	1,2	0,9189	0,0776	0,0738	10	30
0,784	15,5393	20933117,2	5988,2199	262247,1	1910,4078	255794,7	2016,3216	17722,5	166,892		17790,8	141,7688	14	2,4944	1,7	1,0593	0,1129	0,08	10	30
0,7912	15,5622	20917631,8	12899,1816	254781,2	1553,754	249105,3	1658,5133	17109,3	129,5188	17191,3	131,8586	13	3,3333	1,1	1,1005	0,0782	0,098	10	30
0,7996	15,6011	20903532,4	10436,2092	241577,1	3029,9736	236957,6	2819,1958	16228,2	228,1787	16297,8	242,005		10,9	3,3149	1,3	1,0593	0,1027	0,1067	10	30
0,8042	15,6011	20906034,4	10115,9638	226158,4	3214,1271	221767		3261,3786	15148,9	249,2297	15214,8	304,1501	9,9	4,2019	1,4	1,075	0,127	0,1292	10	30
0,8107	15,6194	20910248,8	10839,6973	216331,1	2678,1199	212325,4	2641,7975	14492,3	192,2811	14555,7	238,6462	9,9	2,846	1,4	0,8433	0,1388	0,1333	10	30
0,8172	15,64	20915314,3	5217,273	205933		2783,7266	202529,2	2785,8853	13666,2	220,8825	13802,3	292,2712	8,1	3,0714	1,2	0,9189	0,1331	0,1139	10	30
0,8244	15,6606	20917159,1	7790,8262	189836,6	2598,0372	186708,5	2328,297	12592,8	176,0958	12631,8	216,645		6,3	2,8304	0,6	0,8433	0,0789	0,1212	10	30
0,8309	15,6812	20925981	10127,4219	178747,2	2570,7672	176029,3	2215,0043	11840,4	249,5673	11845,5	184,4555	6,3	1,9465	0,6	0,8433	0,0895	0,1473	10	30
0,8374	15,6995	20946722,2	11812,2497	167935,8	2874,8583	165520,7	2614,1628	11104,8	201,2874	11143,1	230,9552	3,9	2,1833	0,2	0,4216	0,0339	0,0799	10	30
0,844	15,7201	20958603	9243,5571	154862,3	1744,0603	152878,7	1686,2165	10115,1	181,9368	10222,6	167,3368	5	3,0912	0,6	0,5164	0,1216	0,1527	10	30
0,8505	15,7407	20956569,8	8453,4842	142790,2	1681,8091	141140,9	1427,7627	9282	149,2239	9400,7	94,3622		4	1,4142	0,3	0,6749	0,0721	0,1749	10	30
0,8563	15,759	20958680,6	8717,6075	120273,9	5323,8975	118922,8	5413,3385	7715,6	377,233		7830,2	296,1954	3,2	1,5492	0,1	0,3162	0,0347	0,1165	10	30
0,8642	15,7773	20963533,2	3674,7392	97353,7		2816,3781	96327		2702,9671	6192,5	157,1392	6263,8	225,486		2,8	2,3476	0	0	0	0	10	30
0,8707	15,8002	20961855	6015,9471	83493,5		1976,0949	82817,5		2052,0856	5206,3	119,8398	5323,9	121,8236	1,9	1,2867	0,1	0,3162	0,0756	0,2546	10	30
0,8778	15,8231	20964826,4	8753,9731	76319		1596,1512	75477,3		1431,9184	4686,1	144,8182	4787,3	128,5639	0,9	1,1005	0,2	0,4216	0,1869	0,5265	10	30
0,8837	15,8391	20956415,3	14691,5821	66510,7		1502,97		65771,2		1502,3168	4066,2	93,5234		4135,8	94,8365		1,2	1,1353	0	0	0	0	10	30
0,8902	15,8597	20942752,1	13313,8694	55243,2		973,5904	54644,5		887,7246	3274,8	86,443		3345,5	74,4435		0,4	0,6992	0	0	0	0	10	30
0,8974	15,8826	20943094,3	12469,1343	47529,2		3167,0545	46985,2		3149,9308	2741,1	228,5828	2859,7	236,0457	0,2	0,4216	0	0	0	0	10	30
0,9033	15,9009	20957029,6	10819,5204	41173,4		1270,3868	40754,8		1211,9503	2249,3	106,266		2400,9	92,7583		0,3	0,483	0	0	0	0	10	30
0,9098	15,9215	20974269,6	8120,698	34124,5		2583,8348	33621,5		2637,5443	1793	172,5225	1932,8	186,507		0,2	0,4216	0	0	0	0	10	30
0,9163	15,9398	20972139,4	14927,5376	25145,5		1186,5088	24432,5		1316,4918	1211,5	77,2848		1278,8	116,0697	0	0	0	0	0	0	10	30
0,9235	15,9604	20984828,3	6258,5599	18556,6		1937,1359	17708		2055,8184	750,1	117,7959	802,4	137,2947	0,1	0,3162	0	0	0	0	10	30
0,9306	15,981	20976758,4	7746,8292	12743,8		1057,3752	11680,4		1139,9147	361,7	82,7983		382,8	84,2151		0,1	0,3162	0	0	0	0	10	30
0,9371	15,9993	20943244,8	8290,8153	8893,4		236,313		7584,9		294,8738	104,2	19,1937		109,8	22,8755		0	0	0	0	0	0	10	30
0,9443	16,0199	20946151,2	13004,2054	9181		526,8365	7487,6		458,8057	123,7	39,6626		104,9	39,3798		0	0	0	0	0	0	10	30
0,9515	16,0405	20973041	10003,6165	13831,7		1208,7102	11685,9		1148,0768	447	101,0522	385,7	71,7357		0,1	0,3162	0	0	0	0	10	30
0,9587	16,0611	20978720,9	8666,0364	22162,9		1878,7458	19581,3		1932,8295	1012,4	131,2793	939,7	138,7788	0	0	0	0	0	0	10	30
0,9652	16,0817	20964254,4	11618,9286	37190,8		2592,1053	33888		2608,0416	2013,7	161,5997	1924,6	203,4826	0,5	0,8498	0	0	0	0	10	30
0,973	16,1	20942129,6	15005,1884	54418,5		3906,7383	50658,8		3888,671	3211,3	273,8053	3086,4	244,1348	0,7	1,0593	0	0	0	0	10	30
0,9802	16,1229	20929208	10878,1684	72047,9		3852,5429	67934,1		3717,7082	4414,6	272,5616	4275,5	247,5907	0,6	0,6992	0,1	0,3162	0,1109	0,4446	10	30
0,9867	16,139	20955166,4	8730,9194	92400,6		2321,4894	87796,8		2187,9267	5788,9	148,6879	5669,1	170,0408	2,2	1,0328	0,1	0,3162	0,0639	0,2237	10	30
0,9932	16,1596	20961900,1	14322,2582	105076,5	2516,1419	100101,3	2586,7939	6672,1	219,9053	6554,3	140,8356	1,3	1,2517	0	0	0	0	10	30
1,0004	16,1802	20954478,8	12364,3853	123212,8	3013,6703	117504,8	3067,0385	7975,1	202,1388	7809,6	207,6521	3,7	1,7029	0,7	1,0593	0,2355	0,5103	10	30
1,0069	16,2008	20958855	11592,3016	140020,6	2188,991	134146,9	2147,4344	9163,3	175,027		8968,5	136,9933	3,1	1,8529	0,3	0,6749	0,0765	0,1975	10	30
1,014	16,2191	20954822,5	13246,4469	154961,1	2235,6448	148671,9	2192,4664	10145,2	124,2084	9992,1	176,7129	4,3	2,406	0,5	0,8498	0,1034	0,2215	10	30
1,0206	16,242	20965061,5	4984,7607	165704,9	3958,176	159276,1	3589,3541	10951,6	278,4146	10681,4	278,2018	4,4	1,7764	0,5	0,8498	0,0896	0,1577	10	30
1,0277	16,2603	20957202,4	9637,5771	177339,3	4279,9102	170335,8	4554,6576	11696,3	321,4129	11499,4	319,4569	6	1,8257	1,1	0,8756	0,1714	0,1964	10	30
1,0349	16,2809	20951191,4	12276,5145	190834,9	2853,7278	184195,5	2719,526	12707	229,187		12511,3	224,6049	7,5	2,1731	0,5	0,7071	0,0659	0,1129	10	30
1,0414	16,2992	20967820,6	8311,5731	207046,3	1978,3449	200005,3	1857,8668	13775,8	159,9915	13634,4	218,6668	9,7	2,8304	0,9	0,5676	0,1005	0,0877	10	30
1,0486	16,3198	20963800,8	8431,837	216869		1943,3699	209954,8	2072,7391	14529,2	160,1921	14353,2	133,533		7	1,4142	0,5	0,7071	0,0503	0,0768	10	30
1,0551	16,3404	20964355,5	8142,0374	230492,8	3301,7289	223199,6	3387,6083	15334,5	247,0844	15335,5	321,9466	8,9	2,9609	0,8	0,6325	0,0713	0,0679	10	30
1,0629	16,361	20961000,8	10818,1805	243226,2	2691,5868	236160,7	2450,2709	16385,7	149,3773	16262,6	179,016		10,8	4,0497	1,3	0,8233	0,1023	0,0936	10	30
1,0694	16,3793	20945950,4	11368,3992	254963,6	2243,9227	247486,3	2227,215	17228,8	246,1372	17094,6	280,6885	11,9	3,9847	1,5	1,5092	0,1067	0,1284	10	30
1,0773	16,4022	20946607,5	10379,0476	261461,9	865,0343	254313,3	923,7857	17655,7	136,8609	17687,9	128,0603	13,7	2,5841	1	0,6667	0,0671	0,0596	10	30
1,0838	16,4205	20937275	11773,4832	265146,9	436,1833	258016,4	552,6343	17983,8	199,916		17904,6	132,9797	12,5	2,0683	1,3	1,1595	0,0845	0,0935	10	30
1,091	16,4411	20951453,6	11352,4329	265364		500,5017	258205,4	644,5605	18088,6	162,3954	17907,2	121,3451	11,8	3,5214	0,8	0,6325	0,0517	0,0522	10	30
1,0975	16,4594	20956798,9	12815,0744	264951,7	801,1195	258476,8	472,2332	18033,6	120,37		18016,5	124,7863	13,6	3,8644	0,9	1,1005	0,0581	0,0821	10	30
1,104	16,48	20946531,4	12566,6402	262845,3	464,6277	256380,2	477,3705	17905,9	112,1303	17854,2	165,7943	13,3	4,1913	0,9	0,7379	0,059	0,0636	10	30
1,1118	16,5029	20950172,7	9948,7603	259842,7	414,3423	253749		586,6708	17769,6	70,1462		17728,6	74,8854		11,4	2,3664	0,7	0,6749	0,0466	0,0519	10	30
1,1183	16,5212	20964336,3	5588,0025	253434,2	1603,5511	247699,1	1196,9038	17406,7	152,9946	17376,5	194,6874	11,4	3,3066	1,3	0,8233	0,0901	0,064	10	30
1,1248	16,5395	20964916	7882,6687	243995,6	2980,6774	238839,1	2725,3261	16802	248,6358	16727,8	259,1554	11,7	4,8316	1,2	0,4216	0,0895	0,0525	10	30
1,1327	16,5601	20963031,3	5804,8096	233299,3	1237,7334	228707,6	1411,9835	16049,3	152,9023	16050	162,4972	9,2	3,3599	0,5	0,9718	0,0407	0,0804	10	30
1,1392	16,5807	20954506,7	7984,5315	226013,2	2224,4162	221826,4	2007,6442	15490	167,0256	15574,1	157,0622	7,6	1,8974	1	1,3333	0,0869	0,1242	10	30
1,1457	16,6013	20960951	7027,8939	212586,4	2388,6258	208852,9	2678,3874	14533,2	225,8371	14687,1	280,2628	7,4	2,2211	0,6	0,6992	0,0589	0,0743	10	30
1,1529	16,6196	20946614,3	11753,7532	193289,7	3239,2286	190602,8	3106,6134	13335,1	297,3384	13353,1	157,4487	6,6	3,4705	0,6	0,8433	0,0706	0,1171	10	30
1,16	16,6402	20937524,3	14943,506	169772,8	4389,3675	167591,1	4010,6845	11693,1	266,5218	11830,1	321,0187	5	2,6247	0,2	0,4216	0,0303	0,0746	10	30
1,1672	16,6631	20926782,8	12493,3031	138506,8	5306,3874	137219,7	5290,2162	9534	389,591		9681,9	414,581		3,3	2,4967	0,3	0,483	0,068	0,1412	10	30
1,1744	16,6791	20938825,4	12034,9		117208,7	2557,4569	116101,1	2682,2796	8062	154,6911	8197,5	227,0889	2,3	1,0593	0,6	0,9661	0,1901	0,4174	10	30
1,1815	16,702	20966346,3	10234,5773	99617,1		4101,3808	98524		3956,6155	6825,3	289,8697	6890,2	301,3001	2	1,7638	0,1	0,3162	0,0446	0,156	10	30
1,1881	16,7203	20975120,5	9701,4698	82841,6		2340,3934	82255,7		2279,8978	5673,7	175,0162	5799,6	184,5554	1,2	0,7888	0,2	0,4216	0,1275	0,3461	10	30
1,1952	16,7409	20975386,7	6150,1148	71229,2		1389,8232	70742,7		1321,9214	4819,1	122,5629	4918,3	121,9627	0,9	0,7379	0	0	0	0	10	30
1,2011	16,7592	20979949,6	12070,6802	54066,9		3315,9948	53811,8		3216,4245	3568,1	248,683		3684,3	233,6241	0,6	1,075	0	0	0	0	10	30
1,2089	16,7798	20984459,3	5065,9256	34599,4		3696,4047	34178,4		3771,2198	2146,4	263,0197	2244,5	310,1929	0,3	0,6749	0	0	0	0	10	30
1,2161	16,8004	20979705,5	11109,2756	18328		1876,0843	17705,4		1970,932	902,9	142,4238	982,3	147,5617	0,2	0,4216	0	0	0	0	10	30
1,2239	16,8233	20957053,9	14845,8443	10665,5		1140,0363	9548,7		1221,7617	271,8	104,5709	305,5	105,4348	0	0	0	0	0	0	10	30
1,2311	16,8393	20954821,3	6915,9064	9925,5		474,5548	8300		391,072		90,4	17,3282		89,2	8,728		0	0	0	0	0	0	10	30
1,2382	16,8622	20957362,9	9385,0793	14811		1165,9568	12610,1		1129,2046	323	53,9424		292,5	62,3739		0	0	0	0	0	0	10	30
1,2454	16,8828	20971837,6	16510,9061	24602,6		2313,9661	21797,4		2113,1816	881,3	157,1652	825,3	137,6082	0,3	0,483	0	0	0	0	10	30
1,2519	16,9011	20986018	7172,7776	41500,1		5831,512	38097		5709,9676	1928,3	366,392		1846,3	362,205		0,1	0,3162	0	0	0	0	10	30
1,2597	16,9218	20972789,3	10264,4306	63109		3358,2183	58764,6		3121,8737	3363,3	226,471		3234,7	228,8003	0,9	1,1005	0	0	0	0	10	30
1,2669	16,9401	20957260,5	9955,8724	77612,6		2982,0134	72949,3		2905,1784	4292,7	193,6251	4121,7	187,6623	1,4	0,8433	0,1	0,3162	0,1184	0,4645	10	30
1,2734	16,9629	20964494,9	6476,4623	92348,4		2628,8148	87273,5		2564,3754	5302,5	180,9421	5145,6	183,4322	2	1,3333	0,2	0,6325	0,1537	0,521	10	30
1,2799	16,979	20991262,7	13396,2392	103428,5	2178,8015	98032,9		2152,9273	5960,4	128,4759	5922,3	161,239		1,9	1,2867	0,3	0,6749	0,1784	0,5673	10	30
1,2871	16,9996	21011673	12567,4187	121193,5	2986,2412	115243,8	2904,0987	7205,2	204,9449	7040	223,4696	2,4	1,2649	0,1	0,3162	0,0414	0,1496	10	30
1,2949	17,0202	21010176,6	12416,0042	139550,1	3405,138	133332,7	3387,2226	8576,1	336,2986	8312,7	247,3392	3,9	1,2867	0	0	0	0	10	30
1,3015	17,0408	21015076,5	7385,0151	156969,1	3432,0894	150226		3176,807	9724,7	234,58		9552,7	253,3719	3,1	0,9944	0,2	0,4216	0,0452	0,1014	10	30
1,3086	17,0591	21026173,6	6439,0318	175868		4002,7064	169055,6	3662,8809	11111,3	311,9192	10919,8	280,7833	6,6	2,1187	0,6	0,8433	0,104	0,1581	10	30
1,3158	17,0797	21031560,5	9059,6637	196252,2	3020,8915	189299,1	2863,8926	12609	262,8071	12363	240,4436	7,2	2,4855	0,4	0,5164	0,054	0,0797	10	30
1,323	17,1003	21026428,4	7631,8833	212495,9	2775,9606	205225,1	2887,09		13803,9	235,5695	13534,2	318,5616	7,8	3,4577	0,3	0,6749	0,0338	0,0782	10	30
1,3301	17,1209	21018236,2	9581,5856	223522		2893,4331	215872,4	2774,7006	14573	339,7025	14378,6	192,492		8,6	2,0111	1	0,9428	0,1003	0,1153	10	30
1,336	17,1392	21015187,1	8249,0892	232662,9	1756,5794	225150,3	1591,3456	15239	197,0584	15026,8	167,3166	9,3	3,0203	0,9	0,5676	0,0826	0,0687	10	30
1,3425	17,1575	21021471	7928,0725	244295,6	3254,5319	236710,1	3540,7408	16198,6	157,7855	16014,6	299,2506	10,8	3,1903	0,8	0,9189	0,0648	0,0809	10	30
1,3503	17,1781	21043264,6	13354,9852	256300,5	1595,9097	248582,7	1601,5486	17176,1	216,3554	16972,8	136,0701	14,1	5,9339	1	0,4714	0,0722	0,0656	10	30
1,3575	17,1987	21047939,2	10628,3539	262046,5	1149,2575	254971,1	1321,5624	17630,5	134,1055	17482,6	212,5743	14,3	3,9455	1,5	1,5092	0,1024	0,1201	10	30
1,3647	17,2193	21038975,6	10891,7686	264066,9	532,6768	256882,7	529,4935	17925	164,7888	17786,5	127,1266	13,5	3,44	0,9	0,8756	0,0594	0,0681	10	30
1,3718	17,2376	21055997,1	10799,9998	263853,4	730,0133	257113,7	523,6731	18015,7	157,0294	17933,9	105,0095	14,5	3,1358	1,3	1,2517	0,0847	0,0961	10	30
1,379	17,2605	21068939,4	7401,0794	261782,1	1130,8064	255443,9	1038,5025	17909	172,9624	17897,9	120,421		14,6	3,9497	1	1,0541	0,0657	0,0744	10	30
1,3862	17,2811	21066079,2	10714,1754	255496,8	2079,1057	249644,6	1902,9881	17634	137,7986	17626,1	124,0174	12,9	3,4785	1,7	1,3375	0,1152	0,1145	10	30
1,3933	17,2994	21052039,2	14068,9817	238152,5	6130,2573	232990,9	5783,1292	16656,2	444,7795	16609,7	368,9366	8,6	2,0656	1,3	1,0593	0,0989	0,1161	10	30
1,4005	17,32	21060608,8	16501,6043	216073		2936,419	212348,8	3042,1212	15299,1	180,0836	15221,5	288,2087	9,3	3,4976	0,2	0,4216	0,0181	0,0428	10	30
1,4077	17,3383	21082257,2	7937,9219	194822		4425,4957	191945,9	4749,9424	13905,6	283,8541	13932,5	307,2177	5,6	2,319	0,8	0,9189	0,0871	0,1117	10	30
1,4148	17,3612	21080846,5	7419,2114	174097,5	6669,3336	171523,2	6614,8265	12501,3	538,248		12588,7	393,5172	5,9	1,912	0,3	0,483	0,0402	0,069	10	30
1,422	17,3772	21065940,9	13693,6152	142157,3	9005,4259	140757,5	8618,691	10362,8	668,0507	10413,3	592,4338	2,6	1,8974	0,4	0,5164	0,0781	0,1443	10	30
1,4298	17,3978	21053417,1	13662,4155	105001,5	7609,2506	104373,5	7340,3299	7674,6	548,2976	7830,3	564,9694	1,2	1,3166	0,2	0,4216	0,0701	0,1934	10	30
1,4377	17,4184	21073521,6	9248,8821	80998,8		4415,9293	80482,4		4407,4258	5932,4	344,8205	6049,7	318,9357	1	0,8165	0	0	0	0	10	30
1,4442	17,4368	21051724,1	16222,7483	49694,7		7701,6901	49296,3		7591,2666	3592,7	630,7162	3727,9	583,044		0,4	0,5164	0	0	0	0	10	30
1,452	17,4596	21050414,2	14940,232	29846		2847,0399	29369,8		2867,0039	2033	234,0987	2118,9	254,707		0,1	0,3162	0	0	0	0	10	30
1,4592	17,4802	21065661,1	7339,7309	14632,1		2112,3311	13749,9		2252,7162	680,4	234,492		733,3	246,1856	0	0	0	0	0	0	10	30
1,467	17,4986	21045792,8	11181,5142	11078,2		280,4951	9704,9		359,9038	201,5	69,7412		221,2	75,3817		0	0	0	0	0	0	10	30
1,4742	17,5169	21037709,7	6159,5377	13833,1		1289,8068	11804,1		1176,3764	152,7	39,243		137,9	27,6624		0,1	0,3162	0	0	0	0	10	30
1,482	17,5375	21053834,3	11945,5915	25222,4		4061,6446	22343,6		3713,6522	667,1	218,2732	594,9	187,1419	0,2	0,4216	0	0	0	0	10	30
1,4891	17,5581	21069856,4	8248,4122	43714,1		5368,1007	39874,4		5252,5959	1690,5	309,5481	1582,5	308,4619	0,6	0,6992	0	0	0	0	10	30
1,497	17,5809	21063580,1	10579,7487	65266,1		4869,4839	60793,6		4641,273	2978,5	297,3798	2915,1	301,4518	0,5	0,7071	0	0	0	0	10	30
1,5041	17,597	21045328,1	10181,6424	90276,4		7097,8157	85229,8		6906,5999	4589,7	492,2894	4477,1	513,2057	1,2	1,3984	0	0	0	0	10	30
1,5113	17,6176	21039792,1	4536,7784	118051,2	4545,5989	112180,8	4309,9571	6480,8	349,6639	6323,6	339,187		2,7	1,6364	0,4	0,6992	0,2054	0,3868	10	30
1,5191	17,6405	21052942,8	8673,639	138698,3	2276,3582	132167,1	1913,6555	7903,1	161,8562	7741,1	188,0263	3,7	1,4944	0,3	0,6749	0,1032	0,2584	10	30
1,5263	17,6588	21057304	6971,4141	156111,6	3136,0652	149459,2	2858,762	9098,9	219,9315	8910,1	238,5626	3,6	0,9661	0,3	0,483	0,0779	0,139	10	30
1,5335	17,6794	21068356,9	9052,8865	175069,4	2771,5553	168014,4	2723,4394	10480	195,1985	10337,8	242,5892	4,6	0,9661	0,4	0,6992	0,0778	0,1517	10	30
1,54	17,6977	21088649,4	13062,5882	193345,1	3437,0502	186113,2	3149,1933	11786,3	310,3074	11577,9	231,0409	7,3	3,0569	0,3	0,483	0,0464	0,0906	10	30
1,5478	17,7183	21089703,4	10751,0425	214177,6	3446,4383	206217,2	3433,8114	13477,2	268,6947	13232	348,8311	7,9	2,4698	1,1	0,8756	0,1301	0,1466	10	30
1,555	17,7389	21077907,4	13187,0063	232942,8	4593,3663	225026,7	4151,3544	14884,9	466,4913	14710,1	314,4627	9,8	2,7406	0,6	0,9661	0,0578	0,1062	10	30
1,5621	17,7572	21082367,7	9164,6776	243181,2	2248,518	235572,9	2268,7341	15845,7	204,5814	15701,8	334,2743	11,4	3,6271	0,7	1,3375	0,0593	0,1184	10	30
1,5686	17,7778	21092750,2	6602,3696	251115,3	1837,5639	243319,3	1736,252	16558,1	159,0461	16389	167,8683	10,4	4,0879	1,3	1,0593	0,101	0,0917	10	30
1,5771	17,7961	21100318,9	7304,8082	258626,6	790,2218	251120		621,3053	17424,5	160,3983	17239,1	161,1586	11	2,357	0,7	0,9487	0,0492	0,0698	10	30
1,5843	17,8167	21095892,7	15160,7215	256590		2769,9393	250168,3	2453,9712	17633,3	172,355		17504,5	180,2056	12,1	2,6437	1,1	0,7379	0,0752	0,082	10	30
1,5921	17,8396	21080935,1	8026,9243	245007,6	4455,3601	239480		3988,7543	17211,6	283,5533	17116,9	245,8674	12,3	3,7431	1,6	1,1738	0,1145	0,0995	10	30
1,5986	17,8579	21095529,5	9440,7184	220356,9	5752,3456	216374,7	4926,573	15818,3	295,8885	15912,4	289,4716	9,9	2,6854	0,2	0,4216	0,0168	0,0367	10	30
1,6058	17,8785	21088676,2	12798,3683	191075,3	7813,8628	188208,4	7331,1757	14050,6	485,2223	14071,2	441,8496	7,9	2,7669	0,5	0,7071	0,0533	0,0897	10	30
1,6136	17,8968	21077907,3	10812,8908	158365,1	4839,5931	156669		5023,5231	11904,2	292,1015	11980,3	343,6849	6,8	2,6162	0,7	0,9487	0,1035	0,1688	10	30
1,6208	17,9174	21101408,4	11562,4782	136067,8	5858,0423	134630,2	5689,7912	10343,1	397,9242	10424,5	423,2021	2,7	1,2517	0,7	1,0593	0,137	0,2578	10	30
1,6286	17,9403	21111587,2	8393,0903	116502,3	5969,7108	115667		6068,6415	8990,4	421,9848	9047	399,3036	2,8	1,8738	0,2	0,4216	0,0519	0,1197	10	30
1,6364	17,9609	21114185,2	11299,5214	86588,4		4078,4232	86123,9		4027,6838	6827,8	304,7486	6907,5	296,5308	1,4	1,3499	0,3	0,6749	0,1343	0,3752	10	30
1,6429	17,9769	21119097,1	11410,9787	58243,9		5009,1131	58002,3		4942,366	4604,5	393,3557	4718,1	392,2396	0,5	0,7071	0	0	0	0	10	30
1,6501	17,9998	21115377,4	7939,4667	33931,3		3124,812	33587,7		3201,7336	2572,2	263,861		2692,4	272,0181	0,4	0,5164	0	0	0	0	10	30
1,6586	18,0181	21098689	14695,3216	19773,9		2306,8072	18974,8		2451,6855	1234,1	257,3188	1287,3	248,1093	0	0	0	0	0	0	10	30
1,6658	18,0387	21093982,6	13257,8208	14263,9		547,7273	13058,7		615,4446	499,8	93,705		533,6	82,6696		0	0	0	0	0	0	10	30
1,6729	18,057	21109568,8	13208,0652	14289,5		504,8272	12475,1		444,0081	213,2	29,2035		227,3	45,451		0	0	0	0	0	0	10	30
1,6794	18,0776	21103487,9	8655,8891	17282		1209,7947	15059,1		1102,8805	164,3	14,9818		153,3	22,2414		0,1	0,3162	0	0	0	0	10	30
1,6873	18,0982	21104685,2	7692,1661	26352,6		3505,3852	23484,1		3376,7944	452,6	148,1187	424,7	139,8635	0,1	0,3162	0	0	0	0	10	30
1,6951	18,1188	21119223,2	10429,2738	45368,4		5325,8376	41419		5103,3424	1398	272,8015	1324,1	268,4654	0,2	0,4216	0	0	0	0	10	30
1,7029	18,1371	21129262	11780,741	81534,5		9434,2591	76366,3		9159,8576	3510	572,7117	3369,8	572,0476	1,3	1,7029	0,1	0,3162	0,1786	0,8243	10	30
1,7101	18,1578	21123005,3	14483,4188	121495,3	7258,6374	115121,2	7220,2243	6166,6	510,5723	5972,3	494,1161	3,8	1,4757	0,2	0,4216	0,1147	0,3622	10	30
																			
Dark-Counts:																			
0	0	21172153,5	13264,5853	7984,3		144,44		6495,1		82,0616		34,7	6,0745		31,8	5,6529		0	0	0	0	0	0	10	30
