39
44
65
89
123
168
222
291
364
466
557
660
777
892
1050
1186
1333
1505
1652
1867
2066
2236
2443
2663
2842
3169
3353
3591
3798
4058
4298
4577
4876
5150
5364
5644
5963
6199
6532
6793
7074
7346
7646
8041
8317
8613
8898
9205
9506
9782
10095
10331
10670
10927
11261
11549
11758
12085
12352
12600
12905
13226
13361
13608
13915
14107
14324
14578
14775
15039
15171
15412
15565
15743
15816
15966
16160
16322
16437
16558
16700
16812
16847
16978
16983
17138
17126
17203
17186
17266
17202
17206
17181
17216
17180
17121
17011
17023
16906
16858
16727
16648
16539
16432
16343
16137
15990
15788
15670
15482
15352
15068
14992
14676
14483
14229
14065
13798
13478
13305
13031
12827
12558
12320
11965
11739
11424
11188
10820
10566
10282
10043
9691
9396
9102
8775
8469
8129
7885
7597
7293
7012
6721
6417
6130
5887
5603
5258
5012
4799
4491
4220
3999
3739
3497
3227
3046
2814
2569
2396
2171
2015
1785
1637
1466
1303
1159
1022
868
778
649
546
449
368
307
236
172
139
99
77
72
68
