7708;7815;7644;7578;7730;7787;7738;7721;7897;7946;7766;7722;7829;7688;7699;7744;7667;7750;7646;7802;7709;7625;7713;7698;7726;7913;7805;7753;7763;7723;7665;7721;7843;7795;7835;7627;7774;7660;7818;7836;8154;7645;7755;7650;7814;7843;7764;7837;7759;7740;7824;7740;7756;7750;7720;7683;7926;7744;7963
7719;7731;7804;7738;7707;7531;7578;7843;7723;7658;7757;7715;7853;7738;7774;7749;7518;7664;7654;7805;7581;7669;7731;7728;7737;7739;7568;7736;7769;7827;7783;7768;7884;7617;7705;7780;7755;7671;7759;7698;7708;7738;7666;7698;7610;7660;7617;7772;7775;7731;7526;7829;7642;7755;7754;7671;7775;7728;7726
7536;7472;7617;7626;7730;7627;7648;7680;7576;7632;7659;7479;7579;7605;7511;7527;7549;7632;7570;7597;7605;7554;7603;7638;7625;7428;7409;7508;7530;7426;7501;7487;7590;7536;7699;7562;7551;7517;7493;7646;7683;7615;7560;7705;7583;7676;7682;7561;7736;7600;7579;7563;7432;7542;7448;7572;7747;7478;7603
7579;7348;7349;7460;7407;7460;7444;7459;7453;7347;7451;7323;7435;7430;7299;7581;7408;7430;7324;7386;7316;7516;7519;7415;7289;7480;7298;7273;7459;7363;7563;7447;7220;7263;7377;7340;7411;7369;7430;7374;7380;7539;7369;7515;7411;7468;7338;7393;7386;7314;7303;7413;7520;7373;7348;7469;7367;7407;7321
7168;7172;7240;7146;7346;7184;7047;7135;7154;7209;7135;7067;7176;7187;7082;7214;7260;7152;7195;7338;7145;7332;7224;7085;7104;7215;7269;7260;7155;7138;7039;7184;7212;7165;7245;7142;7151;7263;7114;7198;7271;7327;7451;7058;7086;7163;7249;7202;7206;7235;7074;7242;7122;7173;7415;7155;7327;7075;7193
6694;6734;6839;6732;6770;6882;6869;6806;6854;6883;7045;6801;6810;6778;6895;6720;6663;6793;6734;6789;6768;6830;6955;6798;6763;6772;6795;6718;6770;6787;6841;6951;6821;6830;6610;6815;6869;6763;6920;6948;6827;6906;7028;6969;6852;6848;6944;6688;6761;6760;6728;6907;6885;6746;6851;6889;6653;6752;6946
6456;6472;6539;6471;6637;6543;6455;6404;6489;6691;6372;6425;6264;6512;6382;6292;6608;6534;6460;6432;6327;6249;6407;6294;6397;6420;6475;6567;6408;6545;6476;6426;6339;6316;6457;6420;6413;6401;6474;6460;6507;6568;6536;6512;6394;6338;6572;6518;6291;6356;6473;6487;6503;6585;6473;6519;6337;6322;6368
6009;6194;5867;5966;6170;6030;5988;5902;5993;6065;5965;6045;6129;6007;5969;6028;6005;5993;6117;6098;6064;6009;6112;5894;5928;5918;5998;5962;6013;6049;5997;5947;6099;5913;6044;6028;5883;5962;6159;6077;5972;5957;5828;6030;5890;5912;5957;6075;6030;5949;5990;6005;6071;5921;5864;6010;5945;6048;5997
5486;5589;5440;5493;5629;5584;5712;5447;5441;5609;5604;5554;5529;5628;5659;5649;5597;5706;5566;5519;5752;5490;5634;5553;5577;5512;5580;5548;5587;5500;5575;5530;5550;5668;5464;5647;5535;5676;5543;5561;5664;5497;5638;5498;5458;5563;5735;5534;5515;5665;5522;5539;5592;5562;5519;5559;5490;5487;5392
5040;5177;5218;5058;5136;5033;5068;4893;5000;5021;5133;5096;5071;5169;5083;4972;5076;5075;5180;5080;4918;5047;4890;5063;5102;5101;5105;5130;5131;5022;5043;5106;5085;5266;4988;5103;5116;5166;4973;5179;4944;5005;5026;5063;5135;5120;5214;5102;5095;5125;5121;5119;5014;5077;5068;5060;5056;5115;5146
4572;4447;4596;4554;4636;4480;4676;4677;4593;4594;4603;4487;4619;4510;4498;4654;4633;4597;4634;4719;4582;4601;4629;4623;4546;4633;4509;4575;4569;4498;4516;4401;4521;4575;4532;4528;4611;4643;4525;4539;4524;4592;4605;4501;4594;4605;4594;4561;4560;4612;4578;4578;4545;4577;4536;4757;4561;4736;4643
4134;4000;4187;4031;4054;3965;4154;3982;4178;4097;4051;4065;4100;4021;4113;4099;4086;4005;4006;3973;4028;3993;4114;4026;4121;3985;4027;4093;4016;4038;4128;4057;3994;3968;4135;4042;4089;4026;4049;3948;4053;3860;3968;4061;3938;4019;3901;4087;4099;4077;3921;3955;4083;4013;3927;4096;4066;4055;4032
3489;3619;3437;3557;3558;3413;3458;3562;3497;3462;3367;3426;3453;3511;3575;3437;3491;3393;3497;3503;3368;3526;3515;3485;3346;3465;3436;3406;3551;3499;3430;3570;3531;3460;3409;3397;3460;3483;3628;3380;3337;3539;3509;3483;3629;3498;3569;3421;3542;3517;3536;3527;3548;3527;3513;3463;3583;3549;3552
3020;2973;2918;2998;2925;3001;2971;2930;2917;2954;3012;2952;2959;3012;2882;2921;2992;2858;2950;2942;2927;3038;2992;3042;2952;2922;3012;2977;2898;2961;2941;2978;2979;2987;2974;2963;2989;2985;2936;3113;2989;2919;2924;3002;2952;3032;2902;2918;2897;2966;2894;3007;3035;3005;2944;2942;2962;2947;3010
2357;2428;2288;2490;2440;2348;2383;2326;2417;2416;2420;2395;2458;2453;2474;2361;2473;2335;2434;2386;2414;2381;2404;2403;2410;2448;2483;2328;2297;2406;2372;2431;2295;2338;2419;2462;2322;2408;2373;2459;2338;2305;2361;2328;2456;2373;2504;2502;2338;2310;2378;2539;2386;2461;2327;2348;2432;2372;2305
1965;2017;1987;1968;2017;2076;1985;2049;1911;1949;1962;1927;2027;2022;2012;2005;2018;1926;1943;2032;1974;1974;2005;1968;1959;2077;2005;1963;1948;1962;1943;1952;2023;1976;2024;2020;2005;1967;2005;1961;1960;1964;1986;1962;1970;1993;1975;2026;1950;1891;2052;1968;1943;2017;1961;1965;1971;2036;2003
1532;1526;1511;1537;1572;1512;1539;1573;1507;1483;1560;1523;1494;1535;1606;1529;1445;1530;1493;1499;1608;1471;1472;1548;1595;1514;1560;1555;1554;1625;1551;1516;1530;1550;1537;1486;1460;1493;1416;1525;1609;1514;1507;1542;1545;1521;1542;1531;1476;1596;1577;1527;1555;1546;1505;1465;1585;1640;1610
1124;1052;1151;1127;1181;1157;1155;1102;1080;1113;1105;1111;1187;1131;1158;1128;1161;1097;1143;1179;1149;1100;1166;1105;1114;1135;1127;1150;1078;1091;1117;1145;1068;1130;1167;1110;1151;1079;1128;1197;1102;1060;1134;1178;1148;1146;1165;1132;1142;1112;1117;1143;1178;1100;1123;1100;1134;1066;1138
783;794;763;796;786;732;790;775;802;758;807;776;773;762;773;777;788;787;727;782;707;752;788;808;757;773;767;802;771;797;771;764;790;792;752;742;818;734;763;786;754;772;777;803;718;778;745;793;747;795;782;787;723;762;794;796;759;711;784
512;464;426;476;448;478;510;487;471;438;471;493;489;462;456;479;456;498;444;504;460;517;471;469;478;453;440;475;451;479;456;471;477;456;449;481;438;499;446;489;489;456;451;474;455;441;487;489;464;451;436;451;476;459;474;490;461;464;477
224;199;245;245;210;252;254;234;205;245;204;238;247;211;252;243;244;255;244;203;260;242;247;253;243;236;244;226;246;235;240;235;226;267;241;230;249;241;256;222;258;249;225;212;257;246;280;225;229;216;223;239;254;239;252;255;242;211;234
106;82;98;99;117;102;101;96;86;96;108;112;110;104;91;109;107;104;119;108;107;100;101;106;112;99;99;111;102;115;86;82;102;118;109;99;92;115;110;113;100;98;107;108;89;103;99;113;118;113;97;108;97;109;107;94;106;101;96
24;22;26;26;27;34;22;30;24;24;17;23;14;23;19;32;21;34;24;25;27;24;22;25;29;16;22;30;31;20;18;22;31;24;17;33;24;16;15;25;15;26;24;13;26;28;19;21;20;21;20;27;24;18;20;32;26;22;26
13;17;13;17;11;10;24;12;20;12;17;20;11;23;19;21;16;20;9;11;15;21;19;13;19;13;12;19;12;11;6;10;20;16;14;15;17;10;15;21;13;16;18;18;20;19;11;13;10;17;18;11;13;21;10;13;17;16;15
0;0;0;0;0;0;0;0;0;0;0;0;0;0;0;0;0;0;0;0;0;0;0;0;0;0;0;0;0;0;0;0;0;0;0;0;0;0;0;0;0;0;0;0;0;0;0;0;0;0;0;0;0;0;0;0;0;0;0
