33783;33814;33526;33790;34318;34145;33965;34205;34153;34589;34049;34248;33831;33574;33674;34294;33941;33755;33986;34134;33817;33537;33688;33833;33824;34372;34265;33784;33911;34072;33808;34078;34342;33856;34377;33903;34183;33870;33879;34341;34801;34232;33550;33799;33744;34137;33595;33965;34087;33812;34140;33870;33741;33813;33935;33723;33895;34034;34244
33733;33823;34088;33752;34212;33532;33486;34373;34192;33681;34048;33987;34331;34349;34259;33714;33563;33749;33626;33872;34206;33745;33940;33988;33987;33696;33487;33806;34039;34078;34180;33924;34320;33780;33679;34074;34253;33634;33965;33928;33773;33764;33562;33712;33741;33781;34003;33825;34117;33902;33711;33849;33518;33586;33656;33537;34031;34003;33804
32871;32582;33187;33102;33415;33182;33122;33226;33177;33553;33153;32869;33123;33232;32826;33156;32824;33168;32900;32875;33272;33050;32868;32872;33093;32919;32716;33013;32861;32999;32902;32896;33430;33064;33369;33114;33089;33270;32960;33673;33417;33397;33021;33594;33339;33502;33088;33108;33661;33346;33468;33427;33235;33147;32899;32922;33883;33377;33424
32565;32207;32478;32509;32486;32520;32531;32120;32362;32099;32285;31898;32167;32158;32194;32529;32115;32317;31931;32149;32361;32397;32783;32465;32447;32252;32263;32399;32362;32646;32612;32495;31826;31951;32125;32319;32336;32457;32449;32537;32557;32633;32536;32859;32535;32403;32328;32495;32321;32325;32142;32576;32814;32135;32734;32855;32336;32347;32395
31448;31667;31572;31468;31721;31546;31136;31348;31531;31667;31305;31240;31280;31696;31473;31308;31491;31421;31356;31541;31399;31609;31653;31500;31240;31532;31236;31397;31680;31458;30999;31404;31552;31392;31405;31337;30919;31381;31291;31318;31709;31427;31705;31241;31423;31397;31752;31401;31938;31476;31291;31518;31320;31529;31814;31309;31687;31533;31585
29629;29709;29824;29848;29550;29712;29998;29831;29863;30039;30240;29914;29904;30200;30130;29733;29646;29855;29596;29863;29939;29580;30053;29577;29729;29909;29673;29561;29656;29736;29923;29832;29955;29697;29651;29659;29784;30055;30291;29916;30072;29946;30004;30132;29651;30093;30241;29830;29912;29519;29878;30156;29936;29751;29782;30125;30079;29958;29955
28455;28088;28513;28174;28841;28549;28121;28042;28520;28569;27982;28489;28053;28344;28204;28192;28543;28429;28185;28523;27948;28156;27978;28151;28286;28101;28109;28216;28266;28588;28135;28213;28080;27888;28097;28368;28202;28239;28052;27892;28019;28403;28225;28529;28082;28170;28327;28281;28373;27948;28388;28365;28456;28246;28139;28483;28232;28046;28238
26261;26888;25894;26187;26724;26634;26295;26106;26234;26367;26559;26431;26424;26404;26245;26532;26673;26185;26668;26704;26601;26546;26563;26085;26136;26599;26150;26172;26376;26402;26892;26452;26652;26332;26227;26438;26290;26349;26423;26235;26495;26247;26086;26145;26242;26335;26419;26590;26249;26364;26640;26395;26324;26428;26153;26179;26207;26509;26671
24378;24376;24234;24084;24498;24461;24541;24331;24092;24236;24742;24756;24332;24509;24378;24816;24767;24625;24747;24448;24434;24330;24248;24382;24412;24395;24735;24322;24499;24685;24386;24437;24169;24817;24441;24491;24562;24693;24350;24485;24824;24292;24756;24566;24766;24476;24626;24371;24478;25075;24329;24601;24445;24514;24530;24465;24493;24449;24511
22375;22591;22540;22330;22553;22398;22539;22015;22084;22464;22561;22213;22050;22273;22407;22157;22375;22267;22409;22406;22289;22387;22441;22565;22400;22426;22490;22591;22510;22446;22522;22366;22304;22450;22217;22257;22227;22433;22248;22464;22385;22303;22423;22519;22731;22750;22805;22576;22806;22641;22619;22711;22249;22572;22573;22663;22558;22415;22734
20128;20126;20461;20246;20417;20440;20496;20541;20278;20203;20459;20055;20187;20314;20065;20528;20230;20059;20455;20327;20366;20212;20025;20161;20408;20116;20304;20526;20416;19979;19944;20133;20136;20343;20237;20129;20434;20578;20379;20466;20404;20292;20474;20228;20264;20369;20355;20272;20247;20563;20296;20463;20249;20276;20331;20653;20610;20816;20602
18059;17937;18178;18142;18124;17916;18121;18090;18191;18121;18337;17947;17859;17994;18129;18008;18072;17841;17839;17832;17862;18028;18088;17928;17968;17735;18062;18004;17971;17843;18057;17949;17926;17840;17868;17907;18042;18001;17784;17756;17903;17585;17835;18010;18041;17984;17781;18262;18212;18291;18080;18025;18190;18176;17892;18358;18320;18430;18093
15542;15540;15460;15430;15362;15367;15272;15507;15426;15348;15123;15361;15263;15353;15499;15272;15497;15443;15592;15468;15278;15543;15312;15243;15409;15487;15690;15282;15457;15375;15173;15649;15515;15144;15278;15197;15228;15352;15637;15464;15352;15573;15535;15433;15656;15590;15913;15680;15753;15839;15637;15557;15806;15936;15956;15549;15835;15769;15683
13219;13045;12923;12999;13020;13084;12886;12931;13071;13255;13105;13067;13235;13138;13057;13223;13177;13007;13199;13494;13163;13427;13408;13632;13158;13472;13448;13440;13039;13148;13320;13329;13126;12989;13169;13273;13355;13430;13180;13290;13229;13237;13276;13387;13205;13273;13267;12967;12949;13128;13136;13064;13151;13160;13082;13091;13096;12867;13145
10495;10750;10594;10850;10720;10564;10736;10379;10732;10561;10767;10671;10816;10694;10727;10957;10953;10616;10681;10619;10833;10749;10771;10710;10921;10837;10932;10698;10952;10766;10886;10714;10672;10705;10689;10892;10624;10515;10649;10998;10873;10596;10718;10736;10770;10789;11094;10866;10802;10715;10856;10873;10832;10811;10635;10794;10730;10789;10642
8884;8887;9054;8888;8945;8854;8872;9103;8960;8912;9128;9340;9163;9066;8984;9154;9448;8967;9172;9111;9041;9056;9257;9100;9115;9329;9266;9122;9107;9104;9158;9049;9155;8969;9130;9224;9129;9118;9276;9176;9148;9183;9039;9046;9168;9103;8875;9180;8940;8972;9229;8994;9227;9212;9009;9049;8988;9366;9118
6959;6990;7253;7078;7102;7069;7157;7099;7178;7164;7169;7169;7130;7210;7202;7239;7037;7223;7087;7192;7249;7171;7137;7248;7270;7161;7196;7043;7089;7140;7038;6889;7031;7199;7121;6860;6959;6953;6920;6997;7135;7178;7162;7147;7123;7192;7322;7341;7160;7291;7226;7172;7074;7122;7163;7021;7216;7414;7317
5179;5258;5172;5273;5279;5363;5345;5242;5165;5381;5419;5363;5514;5442;5323;5430;5440;5334;5207;5376;5201;5161;5337;5209;5236;5319;5282;5342;5218;5262;5240;5295;5171;5391;5379;5424;5447;5284;5410;5483;5367;5376;5316;5615;5332;5281;5249;5432;5483;5412;5513;5363;5451;5297;5300;5198;5402;5423;5330
3561;3502;3823;3743;3701;3605;3687;3630;3628;3682;3707;3757;3703;3707;3696;3680;3707;3644;3618;3577;3575;3630;3720;3739;3686;3694;3608;3618;3711;3738;3731;3594;3708;3716;3592;3609;3784;3649;3675;3707;3656;3729;3709;3650;3645;3779;3620;3755;3630;3695;3678;3680;3594;3592;3757;3743;3706;3610;3664
2352;2279;2257;2307;2259;2289;2310;2273;2221;2285;2350;2427;2407;2372;2411;2472;2388;2508;2308;2471;2533;2635;2492;2339;2359;2413;2482;2527;2519;2493;2639;2636;2552;2496;2301;2398;2314;2344;2401;2469;2414;2343;2411;2385;2310;2306;2450;2375;2421;2299;2347;2343;2417;2362;2413;2556;2559;2484;2533
1250;1209;1288;1303;1257;1308;1277;1307;1218;1250;1216;1238;1261;1324;1439;1534;1500;1542;1518;1549;1546;1412;1344;1451;1496;1406;1363;1458;1414;1390;1448;1499;1468;1562;1520;1557;1560;1574;1527;1514;1509;1501;1496;1452;1506;1543;1601;1393;1328;1315;1347;1381;1369;1358;1368;1580;1548;1551;1571
640;612;623;632;672;675;625;679;709;814;732;789;864;956;838;900;879;896;958;822;776;882;807;743;766;732;734;758;710;752;735;734;729;781;755;748;731;811;806;819;694;711;803;939;843;796;805;787;894;812;801;960;895;921;857;931;896;942;896
307;331;333;311;343;305;331;325;305;305;343;315;294;314;331;317;297;311;319;331;281;316;298;305;341;297;300;373;307;315;291;309;312;327;320;316;318;293;320;284;332;296;296;308;308;302;309;337;344;306;314;291;325;385;335;497;460;549;472
302;304;279;296;309;287;269;307;310;259;320;303;308;281;280;283;335;381;406;337;463;371;468;479;508;510;524;555;540;498;559;553;552;508;316;272;288;269;281;294;301;260;286;284;275;322;261;238;277;273;310;297;316;320;286;266;289;326;271
91;88;106;94;100;75;97;87;123;89;88;87;79;109;93;109;88;101;107;88;102;101;99;91;94;87;88;74;119;98;116;99;92;98;97;95;101;97;92;94;130;99;101;105;113;102;106;89;100;112;108;116;93;95;92;98;74;114;133
