34028;33930;33728;33665;33832;34058;33604;34079;34396;34671;33863;34058;33959;33660;33777;34310;33702;33888;34228;33812;33689;34073;33896;33903;34202;33954;33990;33885;33870;33788;34263;33820;34145;34020;34119;34077;33988;33828;33941;34223;34621;34255;33942;33575;33862;33873;33956;33862;33701;33774;34169;34035;34076;33711;33678;33770;34407;34217;34372
33809;33915;33500;33764;33678;33312;33314;34206;34166;34083;34033;33918;34050;33803;33883;33448;33378;33607;34164;33745;33912;33704;33932;33638;33825;33692;33442;33660;34224;34087;33858;34144;34065;33656;34054;34024;33968;33711;33797;33596;33502;33820;33576;33548;33696;33699;33583;33728;34137;33879;33516;33563;33676;33967;33647;33774;33940;34008;33560
33091;32591;32681;33427;33355;33126;33074;33467;32879;33250;33352;33249;33408;33277;32976;32865;33096;33493;33284;33214;33137;33231;32997;33172;33057;32790;32754;32844;32734;32990;33102;32847;33357;33102;33433;33481;33216;33267;33255;33416;32950;33093;33202;33356;33623;33637;33450;32989;33721;33484;33279;33209;33181;33064;33051;32923;33470;33016;33185
32805;32446;32352;32075;32454;32466;32331;32322;32361;32276;32681;32078;32350;32225;32015;32867;32066;32236;32054;32143;32349;32365;32596;32315;32406;32387;32162;32352;32816;32337;32919;32728;31967;32142;32084;31900;32514;32323;32450;32292;32424;32308;32501;32937;32656;32614;32668;32436;32393;32448;32158;32551;32826;32211;32699;32666;31961;32700;32250
31595;31510;31829;31432;31676;31739;31163;31203;31702;31561;31620;31181;31012;31435;30767;31246;31526;31446;31410;31979;31310;31892;31470;31319;31258;31456;31846;31619;31371;31629;31387;31429;31576;31376;31491;31184;31435;31595;31358;31602;31402;31480;32098;31454;31505;31290;31715;31497;31856;31410;31500;31632;31419;31527;31537;31584;31722;31394;31841
30002;29752;29925;29658;29909;29910;30185;29992;29698;29856;30191;29840;29680;29851;29805;29880;29563;30027;29747;29762;29834;29838;30010;29678;29878;29901;29931;29532;29779;29688;29883;29841;29712;29701;29795;29635;29787;29806;29970;30039;30081;30325;30140;30320;29966;29788;30451;29985;30159;30246;29984;30381;29988;29820;30091;30020;29824;29869;30405
28017;28427;28694;28364;28336;28428;28124;28064;28509;28647;27946;28131;28109;28398;28419;28062;28774;28309;28139;28360;28286;28255;28209;28080;28228;27959;28418;27996;28337;28345;28435;28320;28310;27779;28039;28506;28162;28260;27913;28341;28127;28368;28309;28694;28088;28330;28334;28334;28045;28126;28260;28216;28491;28099;28145;28442;28093;28074;28137
26579;26758;26002;26040;26414;26719;26495;26156;26247;26606;26336;26393;26525;26226;26267;26355;26096;26327;26878;26632;26523;26481;26541;26289;26151;26354;26429;26449;26230;26542;26544;26559;26337;26284;26502;26541;26295;26318;26644;26413;26499;26379;26471;26684;26254;26164;26346;26599;26099;26490;26468;26221;26565;26638;26010;26685;26338;26398;26428
24497;24597;24181;24357;24395;24382;24385;24348;24192;24241;24623;24492;24533;24745;24622;24498;24680;24514;24238;24289;24548;24354;24465;24173;24411;24246;24832;24574;24538;24671;24029;24469;24279;24558;24312;24542;24281;24390;24438;24654;24605;24527;24891;24500;24658;24858;25085;24656;24632;25169;24659;24766;24848;24604;24549;24712;24221;24432;24212
22233;22480;22647;22154;22264;22385;22605;22019;22204;22318;22499;22412;22122;22636;22391;22423;22531;22619;22738;22464;22147;22636;22357;22553;22578;22837;22769;22485;22663;22683;22913;22553;22526;22633;22414;22586;22476;22590;22695;22679;22349;22260;22394;22703;22755;22853;22728;22669;22700;22463;22721;22537;22448;22426;22600;22597;22333;22310;22647
19930;20015;20186;20073;20378;20257;20344;20549;20221;20127;20270;20244;20306;20051;20172;20223;20345;20231;20248;20531;20138;20330;20315;20259;20334;20429;20261;20455;20424;20037;20212;20147;20088;20382;20336;20268;20400;20558;20098;20463;20264;20037;20279;20272;20337;20220;20276;20483;20510;20520;20055;20288;20314;20267;20044;20327;20530;20464;20872
18006;17795;18063;17948;18094;18065;18129;17900;18231;18131;18221;17801;18090;17835;18034;18173;18101;17854;17935;17923;18068;17864;17956;17882;18394;18074;17922;18243;17945;17777;18145;17966;17690;17779;17905;17957;17967;18066;17959;17810;17945;17607;17772;18154;17831;17721;17776;18035;18069;18167;17753;17918;18269;18029;17981;18204;18231;18097;17886
15478;15651;15283;15764;15639;15561;15438;15283;15560;15489;15223;15229;15403;15365;15639;15195;15443;15357;15489;15624;15113;15494;15432;15360;15011;15506;15476;15425;15530;15529;15213;15447;15391;15431;15391;15217;15514;15164;15508;15228;15181;15254;15496;15306;15614;15283;15458;15399;15726;15575;15712;15539;15618;15631;15654;15624;15522;15842;15754
13071;13114;13145;13121;13131;13012;12996;12937;13188;13168;13201;13017;13187;13296;12934;13214;13505;12953;13306;13243;13137;13399;13436;13430;13233;13474;13348;13503;13231;13259;13507;13107;13311;13199;13320;13163;13242;13165;13227;13492;13313;13199;13062;13168;13279;13223;12995;13118;13024;13122;12940;13174;12873;13053;13215;13286;13047;13001;13249
10556;10570;10648;10856;10542;10410;10723;10591;10649;10585;10847;10748;10837;10699;10927;10624;10802;10655;10900;10880;10989;10852;10811;10876;11080;11113;10946;10697;10820;10836;10781;10816;10716;10777;10591;10961;10836;10772;10952;11059;10734;10729;10692;10557;10858;10865;11032;10761;10983;10534;10821;10991;10798;10922;10907;10831;10861;10774;10652
8920;9061;8910;8807;9028;9078;9073;9020;8983;9032;9029;9085;9105;9115;9179;8999;9060;8940;9149;9063;9041;9030;9155;9043;9209;9186;9302;9228;9189;9027;9083;9085;9208;9043;9353;9086;9017;9009;9237;9022;9059;9110;9062;9156;9170;9194;9159;9090;9003;9115;9260;9129;9058;9248;9030;8927;9001;9099;9210
6912;6854;6930;7080;6790;7175;7055;7154;7034;7073;7198;7232;7012;7034;6988;7088;6996;6937;7052;7002;7092;7310;7010;6968;7068;7233;7045;7143;7164;7174;7242;7032;7038;7047;7079;7057;6932;6960;7106;7114;7171;7111;7084;6990;7168;7234;7076;7000;7016;6985;7050;6985;6966;7028;7122;7144;7130;7199;7181
5140;5207;5177;5207;5303;5172;5309;5259;5263;5290;5398;5279;5398;5344;5394;5405;5305;5185;5283;5346;5290;5202;5308;5192;5178;5274;5329;5333;5363;5263;5291;5246;5209;5456;5302;5269;5368;5133;5215;5382;5228;5250;5269;5427;5298;5337;5403;5279;5432;5386;5330;5312;5356;5255;5337;5337;5242;5197;5253
3655;3632;3659;3733;3688;3579;3652;3728;3659;3603;3728;3659;3727;3666;3724;3791;3774;3707;3707;3798;3613;3713;3675;3773;3630;3678;3680;3767;3738;3691;3699;3670;3753;3783;3720;3637;3692;3675;3673;3749;3630;3637;3759;3694;3525;3767;3700;3758;3621;3739;3639;3684;3605;3732;3667;3713;3674;3646;3616
2211;2325;2240;2209;2323;2197;2350;2320;2294;2291;2220;2287;2469;2331;2429;2342;2377;2404;2400;2410;2471;2456;2393;2454;2341;2406;2365;2331;2418;2369;2457;2385;2407;2399;2463;2386;2370;2229;2304;2362;2499;2382;2361;2364;2448;2300;2414;2387;2470;2380;2412;2352;2369;2404;2376;2429;2450;2391;2358
1159;1209;1229;1267;1185;1205;1208;1240;1246;1230;1201;1237;1327;1296;1341;1443;1394;1438;1466;1401;1389;1480;1385;1418;1378;1453;1342;1376;1337;1391;1394;1369;1355;1434;1436;1432;1426;1435;1433;1415;1450;1364;1402;1386;1393;1375;1473;1431;1375;1314;1386;1379;1427;1383;1449;1375;1409;1363;1370
611;603;610;636;601;638;634;594;646;777;725;741;736;799;793;750;731;778;788;779;760;766;735;738;804;705;717;776;772;792;750;735;799;780;742;779;744;819;768;790;738;765;803;798;754;799;748;777;801;778;744;761;732;824;753;730;807;769;786
232;304;272;303;275;259;285;276;251;260;244;278;239;278;246;256;297;299;282;270;261;279;281;297;301;232;292;249;271;270;268;238;257;255;249;282;294;265;252;280;268;266;277;297;247;291;270;273;270;280;250;281;310;382;329;361;407;415;394
262;245;225;236;262;234;266;243;282;264;239;261;258;230;263;246;254;288;305;337;407;296;309;347;367;380;394;435;403;354;386;395;441;345;297;253;219;231;223;253;257;253;243;193;255;269;230;245;238;229;241;233;277;225;250;250;269;261;255
86;91;92;95;90;105;80;95;97;121;89;86;85;108;100;100;106;81;78;94;83;104;111;106;95;92;91;86;77;86;93;108;84;97;87;104;108;114;90;91;89;92;98;98;99;93;108;93;96;87;95;101;73;99;115;89;100;117;122
