22221111121112122212121221111111121111112212221222111221111121222211221122221122
22221222221112112221121122211211222111211212112221222111122111122222112212121221
21121212111221222221222211112112111122111122122212221112121122221211221212212221
12121122111222122111222222221122211111211221121111211222222222212112212122221212
22112222221212212212221222212211221121122212222111121212111221121122222221222212
11212221211122222211121221212212221112111111111122221122121222222111121221112121
11211222212111112122211121112111111121212212121222111221121212222222121112222222
21221222122112112121212222111111212112212211221121221211112221112221221112221112
11221212112222122111112221212222212122212122122222112221112222222122211212112111
21121222231212121212112121121221222112212221211111112111112211221212111211222221
12211222222121122112111221221121212222112221212221122112122212112222222121212221
11111222121121221212212112121222212122221122222121222122211121221221212112121121
22211122112122212221122112122221122221222122211211112212221212221112222222121211
11212121121112122111222122212111211222112122121122211112122222111222111122121112
12121222222112112222212121112121121111111111222121212122212221121121112122111221
12212112212222121111221212112212221121222211212222221111211121112122222122221221
21211222112112121122112211122221112212222122122121112221212211121222222121212121
12221122112111112122111211122122112221212122122212212221111211112212211211112121
11221122122122122211121122222221121111222111111211122111221121111221221122212211
11122112312112221211222212222221122111121221111111222111211222112221111222212221
22221222111222121222111223121211212121222212111222222222112221121222112112212111
21211112112211111222112121121212122211221222222221111121122212211111211112221121
12212212111111221112122122112122121222121121212211212121212121221122212111222112
11212111222111212221221112111122121111222222122122122222111121211212112211212221
12211211121221222221122222221212211122211111121122111122212211212211212111121221
21212121111222222211212211212122222111122222111222222211121112122221111122212111
22121211111222222221212221122112222211221112111111222122211211222221211212112111
22122211121112112221122112212121112211212212221221211121212211122212211121211121
21112212211111222111222111112121221222212212211112122211211112222222111211212222
21212211121112221112211221112121222222222212212121222121121121222112211121122212
22122221212222122222222221122212221112222221221112221111112112222111222222221121
12212112212211112221121111221112211222211111121112222122122211221211222121212122
21121211222221222222222121211121111222211221222121221211121211121112121112122212
12121222222222122222122122211121111121212211211111112212212121212222122122122123
11211222111222222212221111222111111212112212222211122111112212111122221221222221
22221212121212112211212112222221112222111122122211221221222122111121222122211111
22111112221122212111122222222212211222111212212212212112122222122222111222211112
22111212111122212121112212121211211111121221212111212111111122222111211211111221
12121211212221111112122122112112221112211122211121211212121222112222211112212212
22111111112121211111222222221111112122222111221221121222112111111212111211212111
22121212211221222212221222221212221121121121222121112211122122222121221111212222
22121221222111221222211211112221222211212122111222221122211211122121211212222222
21212221222212212221221111211212112112222122221112212221212212211122122212211111
22221122211222111111212221221111221122212221112212212122111112211212112222222212
12212211121221212123122112212112211231122222112212112212112221121212211222222122
21122222222211222212122111121121111222222111212212122221121221111221221122222111
21111111222211111221211211211221121222121122221121111212112221122111212122222212
22222212122222222122112222211121212211112222122211221211211112221111222121221221
21212222212212311111222111221212212122121212122221221211122122221221111222112221
22122121211211211121211212112111211122112211122222221212212112111211212212121122
21211212212122121121212212111122222111222111121222211222222121122121211221111112
12322212222121111122221122222211221121222112222212222221222111222211222222122212
11212221111211212222121221112222222222112221221212111122211122112211121121212221
21222222111121212221111111111111222112222222112212211211112111221212111111222212
12212122221121222111121212222221121112221121111211112221111111222221111221112212
11211122112112112222111211212221221122211112122212111121121112112212122121121211
11121121212211122221111112212221111212112122222111221222222121112122111211222122
22222111112221122122112212212222121211112111121222121112111122221211212211221212
21212111222222212221121111211221112312111121112221121121122122122212122121221112
11112122221112222221222211222121112221122212121222111222111212222222222122212121
11222222111222111211221211112212121112212122222212211111122212211212111121121121
11112222212212122122121221211211211221112212212211211112112222121221212211222221
12122111222121222122121221121221112111112112222221121222222111212222221221111122
21212111222212121211122121222211222221221112222211212122222212222112222111122212
22111111112122211112211221222211112211122121222222211112112121111222121212222111
21221122121222211112121111112112221112112122111212121121221222122122112122112121
21211121222222222122112212221211122112211212211122111212111212122112112122121112
21211222212122211211221121212221211112111221121212221111212212221212211121122212
21121212221111122212212121212211221121122121222111122112112111111122121121211121
21212211221121112222221211222121212211122112121111212111111112212112222121211211
21112121221111212121111211121221221222112212212222221112122221211121211112221111
22222112222221112212111121222121212122211221212121222211211222221222221222221112
31221122112112122222122112122221221122212212111122222221221122111112122222221222
22112121121121122111212121221122211212112112222122212112212221221212221211121212
22212211112222221221211121212121121122111212222112222221111221112222111121122211
11221222112211222221211212212222222111211121122121121121112112212121122221121221
21112112221212222211112221111122212112122222222121212111121121121122112112211212
21221121211222211112221212211122212121122222111112212312221112111212221212222211
12221231112222122122211121111211112111122111112211121212111111211121111211122122
11212121122111222212222212222212122212122111222111111221212221122212112221111111
22211222211212211212121211212122112111121112222221212221212122121111112212121122
21121212121211222212112111222121112212122211112122222122312211211212112212212212
11112211211222221212222111111221122122211122211112211111112122122122122221212212
11111221211112222121111221222112222211111122221121222121222111222121122122122122
12111121122112112211112112212212212122111211112112111121222122212221122221221112
22112112221112221122212121222212211111111122212122222112221212121121122111221121
22222111111221112222122121212221211211211211122221221222212212212112221121122112
22222212111221122221111222122221122211111111111221211112221111212122211112222221
21222221221212111122222112222111212121121111221112121212221222111212122112211122
11122221222121121111122222212122111121221111222112121221122112121121122222121222
22221222212112122121122211221122211121111211222122112112111111222111212211221222
21111122112111112211121212211211121112221122121122112112112122212222222222222212
11112212112121211121122212122211211111122212221221222111211221222121212222222112
11112211111222122212111121211122121112222211112111112211112212222221222111221121
22122212211221122212221122222111121122122111221212112121222222112222222111122122
11212112211212122122222112122221121122212122122211122212112122122212111221111121
12211111112111221121222212221112211122212212121112111221112211222221122222212211
22112112212111112212121212111212111122212122211122211111222121212222111211211111
21211121122212111112122122112111221221212121222212211221222212221222222121121222
21112212122122121112221222121112112121211211111222121111122211231221122111221222
21212111122121221222121112222211121211221222221211222222122111121111111121121221
21222112111222121122111112212121221221211222212112222121122122121221121111211112
22111111122221222212111122121222111112111122222212122211212112122121221222221112
22121221111111212121121122221221112222121222212222122111211111212122112222121121
11211212112221211212211112121222221111222112121222212122221221221122211121121212
12112111222121221112212111122122221122222211111122122221221222112121121211112222
22112222221121222111212211112212222222222212221121212122111221111221112121222221
12111212111122111122211221122221122111212221121212221221221211222121211111121221
12211122112122112222221222212111221112221122122111111122212211222112221111122112
22222221221221211212111112212212222122212221222212112121121212222122221121222121
21112212221111221211112222111122221211211211111112222122112121221122122221222111
22221212111211121212211112312211222111221121222222122111121212111111121221211212
22212222222111212121222221121212212121221222222211212211122221122112122122212211
12212111122221221112222221111211222211112121121222211221112221212121122221122221
11112121212212111122212121222112212122111111122121122211211112121112221121112222
22211211212212211212212212121222211121222212211221212121211111222112211222221122
22112111121121111121122221211211122212121112111212221211122111121112212121111221
21121222112222111122112121121112121112112222212221122211121222111121122212121111
21211121111111112112111212122111222221122111122122221122211222221111111221222211
22121211211112221211211222222111122122112221211211111111121112222222221122121212
11121212222221212222222222111221221121122112112211211211212111211222122121222212
11111212211212122122221221112212222122122121111212121221112211212211121122222112
12211121222221222221212111121222221221121122221222222211211222222222122222212212
21122221111222111112222111222211112212122221221212222121112121222221222112221212
