22332221112211221221122131221211121212221113222111112122132111221211121321221222
21222221221111121212111112212122212221211221111221121121112141121122112211112311
11221122212112223211112221122112212212122222122121222222112211211111222222212121
14211221212122111212222122111121121211211221111112111122112142121111222112221221
14112122122222221111122132121111212112141221211222121212122212122221222111222121
11211222222121112121122212111132111312111111221212111221212112112221221222221121
12212111241112122122212211121121113121211222222121223111211112222222121211222221
21222121112112111121121121121122221221211242242211222221212211122212212112121212
12111212222212221111221212111221111122222222211322221212122111112211211212211111
12122221122211211111211212121221222112122113212121122212321122121122212121212122
21222112222122111212112122111121112123142221122122211112111112212221212222221124
22131122221121121111212121222412212211122222122121112211212112211222122211211111
11221211422122221221121211221312112213112112112221212131222112211122212223222211
11212221212211211112222121221221114121122121212321221121121122121111211221221112
42222112222211222221212211211122112212121221111221112242322112112211121221222111
21121122221111122222223111122112112213212211121111121222111122112222121211111121
13221111212121221211111111212131222111122111111221122222111122211222121112222122
11111122121212122121122111121112111111112211421121121112112111112212211212212111
12222211211212222222121111212111222222221121122121221211222121121121111112122111
11211121113221221122121122222111212122112212222121212122212121222221222212211212
22111121221211221122111221111121212222212222113112121222112241221212112122221111
22222112222211222112222112111222221211221111122221121111222212112111111211221211
42111212112222212121121221212121121122212222212211111111112212222222122221123122
21222121222211121222122122221121121121111112111111111211222212111121211122122211
11221231221211111121121111123122221122221221123122221221122221211112211222222221
11231131211121131122222221112121111111221222221111222221221121221212112311222211
12222213112122222221211114222111122111122111111121222212111422222112221221221221
21221221211212111222113121212121122212221121112221122211121112222221121212112121
21221121112222211222222212121321113122221221211122112121221221221112121221212121
12221121111112212122121211121111132112322211111131122221221222212221122112322111
31112212312211221222111122122221112121112211121112211114111121212122221212211211
22122111221241122221212111112121212111221122121111222112112222111221212121221122
22212112222111112121221122112212222221211211212221212221211112122221122231222112
11121222121111212112222221222212222222112112211211121122122211212212112242221121
12111111122122121222212121211212221241112221211114221221122211112111212212112211
21321122111211221121221211111211213212221122212221112141112122222212221122121121
21122221222112221221122222112222121122222212212221211312212221112111111111121212
12121141122211112122122121111122131111221112222111122442321221221212221111211211
12112211222221213212111212211312111221112121122111112222112121221121211111112212
12222212122212111212111212112111121222211221222112122221121212112221112212211221
22212212222122231122212221223312221112112222221121121221111111111112221113111122
21122222111122221122221212212222212121122112212112112112221122121221121141221221
11123121122122221111121111212222222122212112121112112122221112212222112212122122
41222242222111112122221212121121111222221232221111121122121221212212122222222122
21221111222412222211111121222211221211212111122222112212121121211121112322111222
11221221211221112122222222112111232211212212123222121222211112213221112221112221
11222122112122222131221121212222112211211211111112222211222211222121111212122111
11112112222222212211211112211122121221111111112112121212121111111122322131111112
11112222221221241111111221211211212112211121112222131211222112222242222411221121
12212111221121112211112121212122122212111111221112211122112211121122222112221111
22111221122121111222111121222122121122122112222122121221121122211112212122121211
21111212111122122212121121122122112113211221112121213112121212222141222221221222
12212211221112112222123222211111111122112222221211222223212212113231221121212221
11112122111134112212212222111121311222121122212211112112322211212121121223111122
22111211112112112211112141212111111211212122112112211111122112122221221212122112
21122121121111211211112222111212121322221111212221221121111112211222223111122112
11112122212222212112112221221222122121222121222122123122211221222214112121112222
22222242112212211121322112111122121211224212241112222111111222212212121111212122
21212212111222122111221221213122111212321122211122112112211121211131111221221221
22212112312222212121112212122213211121122122122212112221111212131211211221111211
22112212212121211111211122111212122211122212122222122114221211122221211121122412
11112112221222211211222211112211121212212222112121212221121222211221112212212221
12112121121222112212122122112112212121121221121111111211221222112111211222112211
22221212221121122112212221112112121221112121211221111112111112311222211212111212
12211111122111222122211111112211112222212221212122112222112211121121211211222121
22124112222221111122121121212122112121222111221421122231111221311111212121111113
22112212111121212112222111211112111122111212121222221121111112112112121112221211
12221221221111211121222111212221222212211222214222221112122222221111112211122211
11122211221212122121221111221111111121121222212211121221212111112122221412221112
11111322111211111121221121111112111112221221212221221122112122211111221121121121
22112141221121222221221121112211212112112122311122212211122122221222212111111121
11112112221212141221212222121222221211212111121121122412112212222121112112221112
11112211212121221122122122132221221212211222222111122122111221121111222112222222
21241112111241112212112122211211111222211112112211122211212111121221121111121221
22121222222221241122211112112221211212121211121112311222222224212111211212222111
11221221121221221212122121112122121221222221112112221211222212122211221212221111
11112211111122222211212122112212232211111111212211222121122111212121122211221212
22221111111212222112122121214222111111311321111212112212122222111112112212211112
12222211223221222211122213221222122122222212222221212123212211112211221112112221
11212122131212221211121212112221222111111111111112212122221212121211122121211112
12121322121121111222122112211222222412122222212122221112112121212222422111221212
11211122212112111222111112141221222221421122121112231212122211212112211122122221
22222221122222221121222121122222211112111111211222211112222122121212221121111211
21112111111111112112221312212111231111122222213121221122212211122211222111111211
11121222211221112122212121112214221222122112122321221111122211221131211121122112
22212211111221111111122221211211121112112222122222222122112211221111311231222221
12212222222121111222221211221212212211111111111111112222211211112211221321222121
11211122112111112212222132222211122221222122212112112212121221121222121112222311
21212221122112121112111121113211212112111222222112212211211121221322221411221232
11121121112211221221122112221121122112113211112222222212121212112211112121222242
11212222111212121112111421211122212132122122111211112122222111111212211122222222
12123111112221222212212112111112212122212221122121111222111221222211112114111211
21221221221124222222211221221111221121211122122112212112111312111124222221211222
21221211121114211211221121211122212122111121122222211112121212213222122221221111
12222121212222421221111123221222211222111122122221121122231221112222111212241111
21122221221112122212221121122211122112221121221121111111221122212111112222222211
21121222121211122212111231222211121222112112112122212121221112221221122121213111
22111112122121121122121212222212222221212112121221111122211111121122212121112212
22221422111111121222222211221222112112112222221222112221121122121121121121111221
21112121211222211212212121112112211211222211122132112222222112221111222121112111
22411112112112221121121212122222122112311122122111222122212114112121111112222122
21311212212211222211221212111212221111211112111122112222224222311112121212122212
21122111222122221121111222122121222122321221121221112212112111212214212213121222
11221131121222111132112222222212111121222221111122222112112211111412121221113112
22212211123121111212112111111241221222112111121211222221112121212121111224112221
21122112221212122222122121211111211212122111311111221222122122222121122212112222
21211221212122212212111222211122221112122122222122211121122212242121121211112211
22111222111211111211111221211222122111211221122121111121211112112111123122132112
23121222221122212112222221212111121111222212212111111211142111211111212211222122
12112122221111212221112221112121222112222141111222112121122242122211211122212222
11121122111211111222221131112121121211121211121122122122111122412111221222211212
11122112222222121211211321121211222211212222111211222211212222111111211111214122
12121211121211112122121222112222112121122212222121222112122212111211222221121221
21231223212122212112111112121221212121212122242111112211211221222112212112112221
12222121222221221223121212211122222111112122212112123211212122212211222222122222
11112122122211122122221112221121211212221122112122121221111212212111112121111212
22122211122221221221122112112212112112212122212212112212112123222211122112222122
12121142221221222222221111221212211123212211112221111122231111222221222221212221
11111121221111112121211224122112222222211222212221221112211111121122111211111113
12222221112312222221212121222112222211121211111111112121222222211122121122211112
22212112121211211122311111222222211211212242111211111121121211112213112122212221
22122122214222121122222111121222122222222112221222111111221112211111211221211111
11122421222121212311111212221132221122122222212221122111121112112111112122121121