21222121121221221112222222111221222111221112212111111222112211121121222121211212
12211122112222222221122212211122112111222111112212221212111122111222121212222122
12222222222211211112242122221211212111121212121212122211221112211123211122221221
12112222111211221222211121212212112111211112122111112122122211112212112121211111
12111211212224211112211122122121121122221212122122222121211222121111122212222112
22111212122122112211212121222212111122111111111122112111212211211112211212121112
12211211121211212211121112122122211121121122122112122222412211211211242211121211
21111221311222122121211112112122122111122211222222111121222112122221121122122222
11222213222121121121122121121111122112211221122211121111111122211121212421211222
21221121211122212212211222221112211211222121122211212111212122321221211121222222
22212122211112222122222122111112121221211112212212412212121212112121121122111221
21111222222122221121112212222122121121212112122122242122111212121211112211111111
11211112111221211211111221112111212212222312112112121111111112121111221221112112
11222212121222221111211121221222222121122221222112122122222211211121222221221112
12122121212121122122222111111111211212222221111211222112222223112222121211111221
11111212112222212111222212212211121242121212121222211111111111222212122212211122
11111211121111122112321111211122122112122112212221122222122121111222222212212122
21221111221212112211112122121211112121121222111112112121111111112112122111222221
22221121212221212112112211112212222221211111221221111222322221213221211222222211
11111212114111121121121122212111212111211222112211221121122221111221111122112221
11211212121212111231112211221211121212122213112221111221211221111112122221212221
22222222112222212111112122222211112211212221214121221212111212212221211112122111
21211222221212112121111221211121221221211121222111221111111222212211212122111222
12122112222111212111212212241122222221222211211122122212212211112122212222122112
11122222122221221112223221212111211221212221111212221212122212211112221222222122
22211112121111212122111111222221212212212212111112211221221121122212212121211222
11121112222221222222212221221221222122222112122212111112122122221212122122212111
22422221121211121112122211121122222122211112222221222122111121211221212222212111
11212211111121112211121212112122222221122121222141122222121221122211121221231111
22211222112221112222212121212112121211122211112221122221122211121221222112212212
12122111122212222221122121211121121111221112112221222123111112212121112212122121
21122112211111121222212221122222112222221121122221121222112211211211122222341321
11111122241112422221111211112122112221222121112111121221112213122112112112112111
21221111222221121222122211211111121212211211112211121212122221112112121222122111
21121221111121122122211112111221121212121121222221211112121412221212222122311112
22123222212212122222111122211211122112212122221222221121212222122122222211111211
21221121221211222221122111222212222221222212222221122121222211122111212212211221
22112112211212211221221111221222111221222122311221122122111212211122112221411221
11111122221222212111212111212212221212211221122122211212211211111121122212121221
22411212122121121221121222112111221121221121211211122211121221212122212221211221
21111211211121121222121221221112112212212211211121112222122212112112222221221211
21122122211122111122111121112112221111112121211222121223121211121122211211221222
11122111221122221241221221121111222211121112211212121221121211221121122211211221
11221111111211221121221222111211112111221212211121221112212211222222211111112112
11211112122122121122122212111122212221221221122111222122222111111211121211222112
11222121111112212221121212122222112212212212111212221211122112211112121111222221
21122212312211221222211222212121122212112122121211112212212121222212112221112111
11221222111111112211112111221121221222122222121122111221211222212122222121122122
22211221222212212221222222222112122122222212212121222122211121121111121212211121
12121121122212221221221212112211211211211112112122221112221112222122121222111221
12112222121113112212111112111222222111121112211211111123112212222211112212112111
11112222111121121111111122122121121112222221122121222222121122112121212222111122
21112221112221222212112212112111111221111111211122211221221121212112222121211222
31111122111112121221222122112212122121111222111121121122222121112211111212211211
21211221211211222122112122112111222111211112112121222212112222112221221122122212
12211111122111111212112212112131121212221221212111122121222412212121211222221111
21211212122121122121122122221211112121111211222212211221111111211222221111121121
21112221221221211122222212111121111112111211222411121112212222111212322112112121
22122222121231221112112112212112122223213221221222121111112111211121222222111211
21121111212222222221221111113222122222322122122222212221222222222221121112111112
21121121222211122221212121221122121221222112112211222211222121222211112221212221
21112122212211122221111212211121222112121211212211121111112211212212211111112212
22111223222222221112211211211221211221111221121121221111212212112112122212111121
22211211122212212212212221121222212221111111111211111111211211112111211212212121
12112321221221111111112111222222221212112212122121211212111112212111212211212122
24112122212122111122112221121211112122212122112421221111121122221121222112221111
21122212212122112112211221111111112222112221222112111112221222111222121111111212
11211121112111122212212112111112221211212111111112122112122122112111121122111122
22412212212211212222222122221221122213211121212222112211212112122222122212112212
11122221222212111121222122112222121121121111111211112212222222221122112111111222
11212212222221221112111112112212212121112112112212222211112222111212122122111121
22122122222222122122212222211122121221111121212112211222112112221121121121111112
12212211221222122211111211121212122212212111122221112212222122112112112221111112
11112211221212211122212212212212121222122121111212221212121212112212111122212221
22111211221111212111122121121121221221222122222121211122222221112122111111111112
12222221222122122121112221121221211222122111221121212211222221121122111112122121
11112111112211221221121222222221122112211222212211121222122111212121212212211222
22221212111211211212221221122222212112222212231112112121112111122211122221212111
22111122221121111122222112222312111211122221112221221121221211211122111122212222
12121222211421112122221212121112112112212112112211211221222211122111211112122211
22122112211122222221222411212211111121221111211211222111222211222122112112121212
11122121211112121112214212112112211121221222111122131112212222112121121112212222
11221121121111221111111222122222122221212211222111112122121112222211121111111211
22221222111122212212121112212221222112211212122122121221122111121211312122212112
42222212112111211122222221111111111113211111121111121122112221111121112121112211
22111212212111211121121212222221221221212211111222221111211112222211122211221122
21211221222122112212211111112212111221212111112221221112122122211221122222212121
22211112111321222211221121221221211112121112111212212212121112121221221221122122
21112122122112221121212212111112221122212211222211121212211212212212221122121111
21211222212121221112212221121222112112211122211122212111111112221222211124111211
22221222222111122222221121222221111121112221111212111222211112112112212221211212
12111121122212211222211212211122222121221212112112112211121112111112221222122211
21111211112112212221121211111114221111112122121211112121212121211221121122112111
12111111112212112112111111122212222122211122212121121212212222111221121212122211
22112211222222211122121111212222112321222111112122121112211211222212112122122111
22222112112221222112222212222212121211212112211211222212221221221221222111111112
22211122212121122222111121122121123211122122112221211122121212212421111221112111
22111221112111111111121111222211212221211124122221121112112221221111111212122111
21211111221221211222112121112112121222212111112111112122222211222111121212112121
22121222111121222221111121222122222112221221112112112222122121111212122221211122
22111222122121231221112121122212212121222211212221331121122222221121222213112111
11212111212221112211112112112111211322222121122211222212111122111111121222121111
22212122122121222122221111221111221212221221111212212212112121112112112211221212
21122222121111211211121222121111221111121222111111122111111112212221221122111112
11222222222111212122212212122211111121222222222222111211112122121221211211111112
12122221221212122222121221212111222211112211212121112212211211112211222221221121
42112122222222121212121111212122121111122111111111211214121112222221221121112221
21221112122221212221112221111121112121122111211211111121112111211121212121212111
42211222112121122111221121122121111212211221112221112212212112212211111112121111
21211221122221232212111221222212221111221111221211212211221111111221222212212112
12131411222112122121111212212211222212211212211112112222121122212112111212222211
11111221121212212222222222111211311111111222122212121222112212122112111111211221
12221122221221111221121222121211212222211112122222121111111111212242211111112222
12211221111111111212122211212121111121221121112111111111111212421112222111211211
11211112222111121211211111121222112222112211212222122211122221213212221122111121
11121111211122221122111121121221221222211122122112112121131111111221112121121221
11122222111121221121122112111121111121122112222221122221211212112111222212211112
12122211421122221111122222221122111111211112142222111122112211112122111212212111
22222111122211122121211121122111122122112222212111111111112112211112112121121111
21211221122111222111222111211112221112112211212211222222222112222121121111112112
12121221212112111111221122122121221221124111112222111122122122211221111122222111
21122122111121111112111221221211221111122111211221222111122211212112122223222111
11121122211222222212122121111211121212222221212121211122132221211112122221212212
12411112211211111212121212211212222121221241221212212121122112221111121122222222
