11221212112112122111211221211211122122211112221212211221111111122121211122211211
11211222121211211221211221211122222212222212122112121221111221121111111131211111
22222122222222111212222122222211121212222122221121221212411211222222112111122121
11212111121121221121122112211121212222111121211211121122221213212212221221212112
22212121221111112111122111222222211111211111222112112121122112111122122212212212
21211212221212122112122212122121121212222121211122222112211211122212211122222122
12212121222112112121221121121112122112211121211212212112211112123122211121122122
22111221212221211111122222212122221121211112112221121122111211121111212212222121
11121111222121212221112121211212212211112212112222212222112211221222121221122111
21212121222212212221222111211212212212122122221122212122111121112211212212111222
12112122222111221121111121211221222211112111112111111122112111112221221222112111
12111122122224121221122211222132212121112211122222212222222222222112222112122111
23222112122121121212211122112111121111222112221122221222111121112111241221111222
22112221122222121211131111112111222122211112111121222211221122112112222122121112
21121112112222112121122121222114211221222222122111142222222212211111211222111122
11222221212112211112111122112122211222121212111112111222212121211212111112221112
12212111211122222222211111221211121232122212212112112122212221221221112221111212
13122211212112222112211212121222222112121221211221222111112242222122141221212222
11121221211111111121112212221211122221121111112221221121122222222222121212111222
12112112111112212122121222121112211222122221122112111211121112222121111122211122
11112211121111221211221222221222212111211121211122112221212111122111212121221222
11112121421223221222112111212222111211222211121221221221222121221222112212122112
21222122111212121222111212122121222122222221222111211112222122122111112311111111
22132112211121221211221121211212221221111121221212211112211112112111211111221122
22122212222221122211111211211222212114122111121121222121222111112122112111122221
11122121112222222221222121121211112211122221222121111221211221221222212211221111
11112112222212112221222211111212211111221211122122121121211112112112212212222212
22112111222221222111211111122211121211122222122221221211312222121221231211111211
22121221221211211121211121122211221221121112113112212222211211121122212222212222
11222212121111321111211222111211112222121122122111211222111222121121221111122221
31322212212221121112121122121122212121111111222122211212222232222221222121112212
22211212122122222121122222211122112112111122122122122121222111222222222112111111
21111111212221223121112212122122221122221111112112112111222211112222222221212221
21112222112211112211122211212211221212112122221111122221212214211221122122122211
11122121212221111122121111122211222122111222111222212112122221212212212112112221
22111111212212222211212112111121212211212112212222222212221111122211222122121221
21111122222121221122112211121221121212222211212212122111111111222122122112112212
12211221222111111212121122111121112222112211112212112212111311221121221212222121
12222211222111221222211211222121222221121112221121211211221213212212121221121221
11321222222222112221111111111211212121122221211121121211211213111212212221422111
11121222121111111211212242221221211112212212222111211222211221122122212111111222
12212122221212122221211112111212212112222121222222212212211111211122312121212121
11111221221212121211221112221222222122122121122111212112211211111122222222221221
22222121221121212211222112221222111212112121221212121211121121112311111121111141
11211212221221221212111221111111112212221221211212211112311122111212132112111222
12222122221222211212122121211221211121112211111212122211112221112221111212221122
11111121222121311121221111221211122222221122111122422212222211122112212121222221
21211111221221121111212121122211112111122213211224212111212221112212212111112112
21222222212122111211211211222112122212122221122222121121111222121211212222122211
22121221111211211112212121211112212122212221122221221223121211122211222211212412
12121122111212112122122111221212122112121111121122211222221111122222112112221122
12221222212222122212221211112122122121111111111221112222241122221122212211211221
11112222222132212122221112122211221212121211112222112122212111212211112121111222
12211221111222222222121111212212222211221211112222221112111112121211222121222111
22111112112122112112112212222211221111112112221112111222211111222221221221212122
21121221111122111211122132121112211221122221211122242121122222111112211222212211
12122212121222222111121212111121322122112111221211132121221121111121211211211321
22212222121212221111111212211211212222111211212121222111221222121212221122211221
22222122122112312221122211121112221121221222112222112222122221111121111212212112
21412221111211114111211121122111111112121211222112111112211222212222111221221221
22211222211221112121221222112221121121211111112223112221122222121221122211221222
22221211221122121121212112111142112212111122222121121112112222111211121221111121
12222221212111221112121121122112211122111211111221111222222112222122111111212121
11111121121122211111212122111111121212121211221122122222212222212211111111122112
22121111211111111221211122122111212112221222111222221222122211222231112222212211
21111221121222221112211123211121112211211122211112211111211221141221222124121212
11222211112221212221121212111111211221211121212212322222212121121221212122211122
21212221121221221222122212112211211122211111111221221111121222222211221221121211
21112212211112222111112212211111212122122211111112121122221211112211122212222111
22122121221221211232111212122122122122112112221221211222112111221122112221112111
12222211112111212211112121222122121221212222211222221121221111212112111211112322
22222222211222212231121221112211122112121111221211112111113111211122121222111212
12231211111112122212211221222122122222122221211212112211112122121212121121211222
11112111221222222111212212121211212221211122211212212121111122222121121122212222
12122112122222121212222112221121212111322111212121121111122221112122221212122112
22121222211111211112221121222122122111221111122211212212221122211222121212221221
12212121122212122112121121221112121211221122122222212122222211223222222221112111
21121122111211212111122221221122121221221122111111221211112112111222113121121111
12222212212211222221111111222222121112211122122121222111221122112112211211122211
21122112211121211122211121122211121112122212131121221121111111222221211111211112
11121212412212121211221221122121121211121221221122121121111121222221212211121242
11211211121212211212222221222221211221122122212221122211121222111222122112111112
31212122211222112211121112121111112122221121122212122112321121222221221122111211
12111121222122222211111212212112111111212112122221112211231212222211222112112112
12112121122211112221121121222122212221221111222121122221111221121122221222221221
22222222212221122122121212121121122214122221211122211122123322112122222221212211
22212112121121111112112211211111123122212112212122211121221411222222122211122122
22222111221212122221211211111121112112212211121111211111111121112122222212112221
11111222111111222222111222111111221112212212112121222122121111211112111111212121
12221121122122122222222212122213123122121212222221121311112111221221121112121222
12212212121112122111111122222111112212111211112221111212221212221111222121212111
21122222221131112111212221111111112112222211211121122212121222122112121112212222
12121111212221222121122222112112211222211222212121121122222212111222212212121121
21212122122222212222222222223222112121111121121212212121212232212111122211121221
12121111221111212211221211211211132121121211222121212121112211121211122121122211
12213121112211211111111112212121221222222222111221211112221211121221112121112211
22121112112112211222211121121212121131222112422121212121122122212212221122212112
22222221211222221112122212212122221222222111221112211222111222122212121212112112
22122122222221311211112221121221121212122122121112111121112221222111121132121112
11221112111111221121122112222112112121121221122121212121422121211112222211221222
22212212212122222222212212212111222222213221211112212222222122122111221212221111
21121112211122111111121112222212212112122122111112112212122211112122112211221122
11211211122111212121221121212221221111211212212222111111111111221111122221223212
22211122212122112111211121112211211222211111122222221212121112111212122122222222
11121111212121121121222111111112221111121112222121222221122121221122411112221221
21121122212222122222221122112112212111212211121121222211112112211222122111222211
21211111222211122221111221122122212111212121112112121111111121111222221111221112
22221221111122122211111221421111212211221112122211211112221211222212121221121122
22122221212221122221231112121121122212212112222112111123221222112212221111111112
12111122221212112112212121221222122211221212111122212122222112212211211121111122
11221122212211212111112221111122112222221121221221221122121221211112212121222222
11111222321221122122221211111111221111122122212111222221121212212222122121221212
21211142122212122221121222211222122222422323222122212111212222121222211222122112
12122121221211222111211211222212122211121221211111221122112211221212112111112222
22121122211222222221111212122223211211122121422211122122111131111222121212111212
12222111211121212212111112221121222211111212111212112212222221112221211222122211
21222122111121222222221221112211221111221222222122112211222222211222212121212212
11122221211111222121212122121122121221222211222211212122111121122211121221112212
11222212211332112222212221222211112212122112122122222112112112121111111211212211
21112112121111222221212112111212111221222211121112111212211121222122222122112221
11211221211222222112211221212112212122111212213121211121211113111222111121111111
12222112122212211121122212112111122112211211222211122212122121211111112232122112
22211212211121122111211112131112211112222222111121114212111221222121211212121112
21121222111212222122112121211121111221212212211111111221121112122122211212223211
