12111122212122111121222122222111111122222212122212221121121122221112112211221221
12222222211121221111112222121111112211121111111122212231223111211211112212212223
12212311112111222132222212121122213221221111221222212121212221221122112122212111
22121211212222122221221312221222121211121112222222122111222221422122212112122221
12212221111222221211221312121212221222212212221212212224122211212121212122211112
11222121211221122122212212122221212221212112221222221212121221112211212221111222
12111121223113221211122121211221112222121211221222121121212212222121112212111112
12112221312111111122212111123121222221121211112122221221211121121221212111211122
13122121111122111111111221211221111111111222111111211221112211111211211221114222
21124112211212112122232112222112111212122122211222121111112212212211122222112221
12111211112111112121212111122112212121111111122121112212121221121111211112211211
21121212232212222211112222112222212221112211221222212122222112121122221212121222
11111122212121121211212122122211112121242122211122211222121211222111112131212122
22112311111122121111212222121322121112112212221212121321111211112222111221111211
21221221213221221221121112212221221112221321222122123111122222211122123221112211
21212121121222221212211121221211121111112122121211111121222121122122112111221211
11212222222211121112112122221112122211212111121112121121121112111121212311221111
11222311222112121211111111121112211221112122222112211111121121121111222211212121
12122221121221121222112112122112221111111122112212212212222121112212111222221123
11212111112122222112211221222211421211211212211212211211211121111221112111212211
22121212122221222221111121212121121222132212212122122222211221212221112211211211
21221212111121212222121221111122222112221111122212112211212111211212121421221222
21222211212112111311212212121221121111212211221211221222212121111112121122121122
22112113222122121222222222111121122221112212211221322211122121221222111111122112
12122222222222111122112212122211224121122111212222211211122421211111221222111221
22212121212222121112122221221122211112112112111122112212211211121212212211211122
21221212112121222211221121122122111112212111111212121111222212221111121221211122
22112122221122221212121122222121121221311222221112111122112212112212221211222211
12321111312121121122212222112111111222112221112112122211121122121211122221212122
21111122211221221212112212111221211121221121321211211112211421211212321112221212
21211111211112211121111112121222222121222321121111221112122122112111111222121111
22312222211111112211111221121111211211122111211121122222221121122211221112222122
11211122112112122211211111421242221211211222111212111121211121211212212111122212
22212121112111211212122211111222111222212221112121122122211121122212211222311222
11121322111212122211221212222111112112212112212111111221111222111212212111221121
12121111122242112213221211121222122121121112222211211111111111112211221221122121
11122221121221121123322212121211222212122212211211121122122221112122222111223221
11211221212222111212113211111121111122111122111211111112222122212212222123111221
22211222111212211121211121122112111222211212111111222112221122212121212111211121
22221211321121221112212211221112222112121122112221212112221122121121211121212221
22211222112221212111221212222212122212122112111112111121211221212221212111222221
22212222422112221211211122222122221112211121322111211212111131112111112211111111
12212222112211212122211122112222211122122222211212121222212122111122112121112122
11212112212221121222212221122121121222121111311222122122212221212122111212112111
22122112222211221212222212211112122211112221221211122121221221112112111221211221
12121212222241111212221112122121222121111122222112121122122112212121221212222111
11212111122211221211212221212221212212211221122122222122222211112111222212221211
11222121121122112112122212211121112211211222222111111212221122221222212211222222
11222121211121121122221221121112122222221111211222111111221122222211212222122122
11312222121122222112111212121221212422111222221122212211222121111121211211221212
12212212112114121211122221121221112212121231122221122111212211121212211221122212
21111111211321212211222111122122212222211111222121212122212112111122122112211232
21221311112222122112112221112111131212222212212222212321311121121111221221211122
22112212222121111211111211322221222411311142123121122121212122211211111222211111
21111221121121111122211211112221122222122121122112112121212122121112211222211222
11211222211122121211122111112121211221112121222221111412211211122122222212221221
11212212231222412112121221122112122111112212222112221212221222111122222212222112
22112122122222221111121221122222222122111121211211222121122111121222211222122212
21222221221221221121121122222121112221221212111211321221122221211222222221122122
22111221111211221122122214221121121121112111112222211121122222112221122111212221
21111122121222132122111112122121112221122111121122112121211111111122212121111112
22121111111112112121122112112111222221212111211111122111211121121112212121222211
12221422112121121211211122211112211221212212122121222212212111212212211112122121
12222111111221122112412221213222212112111212211121222212122212111112221211122221
21221222112122121111122112112111111222211222122221121221112122111121212212121221
22211112121112122221122212222211122222112121131222213221212222121212211111221121
13121211311112122121222221111112212211111222121321211211122311112211211211212112
12211111112122122242221211222112222122222121212112211212122222222122122211212112
22221211121122221112121212222211121212124221122122212112232221121211231111221211
22322121322221211311121121111121222221112212122221221212212212221122122122122111
22221122222112222112222221122122221211211221111111122112211221121221211111121121
12111221212122211122122122212122221112122111211221211221212121122111112211312121
12111121222112222121121311222122212222222112122222121111111111212212111122222211
22121122212221221112222211212211221222122211122121221111211121221111221111222222
21121322112222222121112121112112211122121222222111221121122222142112121221222121
12111111212212212221221224112122111221212122112121222221111222122222111122221122
22212221112121112222112211112212212211221411222212111111222111211121121112222221
22212111111122121222111121211122112211211121211221212131111122211121111122221211
22112211221222221112112222322222122221222212121111122221111122121122222211212111
21121111111211141111122111212122121122222122122212211112212222111212122122212212
11112212211222111122222222211212212112222222221212211111222221212111132121111121
12211211121112112112112212122122222211221111112221141222221121212221221211111212
21122221112112111212211122121212212221221121112121112122222112112211122221111112
21111212122212122122221121122112322221112121121111211112221222122312111112111211
21112111222122211111213121211122211111221122222221211121221212122112222112111121
12122212221122221121122222122211111121112221221112112112111211221122112121212111
12121211221213222222112121222111212221112212222112211121212112112122213222221112
12211212212111111222121111111211111111111121212111211212211122222212121222111222
12112121212112211222112421212112212212221212112121121212112221121212222111212222
22112222122312121112211211112222222122212112111221122111221112112122122122122111
11211121211112221121212221211211122121212222111221222111122221121121122122122222
11111112221221131122122221111112111112122222122111121112111122121122221111222212
21112212213121111112121132212221112212222212211222212212112111121212121132122222
12122112211222221211122111221121212111213122111112212121221122112211221211112121
12321211122111212112112111212122112211222121221112113122221222212111112212212121
22222111212222122212221211112111121111211212211211221211121121221111211222121111
22112122222132111122111211121212112112112111112222211211112221222212112112112221
12112112111122212122122112211111221221112111212211123111124142211212111112212211
21211122122212321211121111112122122121222221112112112111122122121222111222112121
22211112112122211222111121212122211211212211111121122212212111221121122222112121
11311121212222121112112221211222221212222222214212111222111211211111221222212211
21221221212111111112211111122121222211112221222211222222221222211211221112122221
12222212111111111121222122212221112211111211212223122111112122111222112112212212
22222212211222222211121222212211122112122122211121121221221112112221221212122122
22212112121123222221111112112221122111112111212122112212222212122211122222112121
11122211212111122211231111111212112211222222211221111212221122221122111214122121
12111211112211222232111111122221112121121112211211222112121212112121122111121212
11222211111121221112121111222111212221222121212121222121122222122122221222221221
11212122212222111241221221221212112112122111121111111222122121211122221112212122
21121112212222121112122111422222121221211112121211112212222222221211121112112121
11222421112212122112212221111112212121222121211121312111212121222221221212111122
22122122221121211112212112211121111111111111213221122211111111121122122222232212
22222121122122211121112111112222112211121211212222111142211211222141122111112113
21112221121221222211112221121122221112111222222221121112212222122121112121221211
12221112112112211212122112121112122211112111122121112121213212222212121212211221
12222211222122112122111221221222111221222111212112322221211121121111211212221122
21111113211121222111131121212221222121212221122211112121222221112212212112122221
42111212221112121211211222112221121111221123112122212212222122212112112121112222
11221312212121222112122211221122122211111111112211112122212222112221212112221222
21221211121122121211221221121211122212211122222211222212112212221122112121222121
11111211122211121212211122211111122221114222122221222222222221122112221121211212
11211212221222211211121111122111122221111121211212112122111222111112241222221221
11221111212212111211111121222121112131111112212111312122121121222212122242222111
22211222111122221121112121111112211122412221122221222112222211111111211321222112
