12112212122211112222111222111222111112212222212121121111112111211222111122121121
12222112111222211212111122211112111222112212241211221221221112212121112121122222
12231221112211211112124211121112111212212211122112122123221222121122122212112211
22112222212221122221221212112111211122222222211132222212111122111122121111222211
31221122221122122322222111121212111222211212111122222112212311241221122221121112
11111212111122211212111121122122222314211112211132222221211122221111222111123112
11211212211122121222222221222221122111212112231221111232212111222212111222212222
12212212212211212121111222222121221111212221213111112121222112211121122222121112
11121121212111112112112112111221221212122112122211222112121211212121222221222112
11122212121211122422112222212111221212121212211122112221122123222222211111111122
21112211122212212222122212211222112212221111211122211111222122222222112211124112
22111121222121221221222211221212122112111222311122122121111222222211211124132211
32122112222112122221124121122222321222221121211112122112211212212121222111112222
22212222121211122211111234112223122211122222212221131121221121212122212221122112
12313212222222141211211222111221122221222121222221121222121221222222212122211211
12212222212111111212121112112121122121122121122112222212311211211112112221122222
11222222111112122212112121211122112221121121211122211221132122112222114112221112
22121121221211322212221211211111212221212222222113122121114221221113221111112122
12121112222222232122221211222211114212211221221122221112111221212122122221112211
22121221221212242111121112211211221122212212122211142111111112111121111212222121
22112311111132222222121121222122422222222122222111112222111212222121212211111122
21212222211212122121221221122122221212222211112214212111222211222322112222212122
12212411112122212211212121122221122211221121111212112221111212111221121312221222
32212212121211222212211212212311222222112112112112112211121121122121112211222111
11121111222222222121242122122222121222122211121121221221121122222121222121111212
21111111121211222122222121122222122222212112211111122132121121311221122222121121
22211111212222112121111112211231221222121212122111221111211222412222122212122122
22223222222122121111222211222221121112222112111111211132112212222111221222221212
21112232222221221221122112221112321111211212122211112212121112222221212111121111
22121222111121111222211212122221142211112212222122222122121112211122111312112112
12222121112111221221212222122212211121211122112121221122422222212122121211222221
22231212122121112222112222121124131112212212121222221122221211121212222211221111
21223122121212111212112221121222222112221112221121122122112221311221212211212122
21212212211112211212122221221211211121114111211121212121211212111122112221124111
22111111211121211222111112122111221121121221221221232112222211121121221212121212
22211122111112141221112121242221211222121221111221212121212212122213322122212221
11222111112111121112121111221211212212212111222211221112221121121211221112133211
11212111111212222111121122111211111121112223122221122122222222121111111212221222
22211211322111111211211122212121112122211232222112221212112122121221121112111222
21212112211212111221222122212112122121122211121112112211211222122212221212112212
22111221122221121211121212222223112122111122112122112121121112122122221122211112
22241112122222221222111221122221122221212212111222211112211211121211222122111221
21111122212212111222212212121211322221111322121122121121222112221221222111212222
12112211111132221212111212214221121221322121112121111122212221111112211211212122
22121221211111112111212122221221112212121222211113122222212211211112121212212211
11222222211111121211211122121111111222221211111211112121122111121111211111211112
22211221222121122222122222211222111121221212211211121122222122112211222111221212
21111212221111221111211112212121221112113212121212211123222112221121121221221112
21222222122221122121222211222121221121221111122211211222222112222211121121211211
12212212212211121222212211211121122212211122112122122122211241211212212112111222
22121112222111322212112221222211121111112111211122212111221122122112211123222112
22122122221211121112221222111112112122111221211211122212211121221222112111111211
21211122112222122112112121222121111222211122211121221222112111412211231112112212
21112211112212222211111212212121212222211122122211121212211111121222142212212122
12221221211221211212122121221132232222212121222112443121221212122121131122122322
22132221211211112112211111211211133122112113221112121221121211221212221112111221
11222141211121112212122112212221111111122112122122222122211221111211122111111122
21111112222121212211221221221112212222221221131212121221211112221121211221221221
22112122222112211112212121222122122212222312122113221212111221121121111211112311
22121212211121211212121222222311111123221122211132222221222132122122211212112111
21211212212121114212121112122221222221121112112212212212222111221222112211112211
21221211122111211212111111112122211212221212211112122112222112233213212212122221
21221112211222111211111211122122222112111111212232212221211121224322211222111111
11121221111121212132111212222112111122112222123212111121122121211221221222122122
21222222122112212211221121112222121223112222212111112112112132222214121112222113
22121111212111122211121212222222121122122122211122111212111222111111122112212112
12111111211111221222122211222132111122121222122212212122222212221223221211122212
12212112112112111221112122122111112122111112211121122222212121121112111222211221
13211221212221121122111111213122212221122212222221212212222211122111122211222242
22112112122112121121112212122221421112122122122211112112121122411122211122112222
12212221111112122211111112111112222121221212111221111122411112221111212112122112
22212222111221211211112211212121223111111124122212212112221122112212112212111112
21111111222121212211211211212221122122212122211122121121211111222121121221212211
11111112222221211212111212112222121212211222212111111112221222221111213122122122
11121121211112211212121211111122222222212112212222132212222222112222221211111212
21221224221243121221122222112211212122122211221212222121121112122111221111222211
11111111221112211122211212222321112112112222112121112112222121112112211211111112
21221121111311111211111222111212221131212321212211121411121122122142112211221111
21222112112222121122111112222222212222222211121111121111111221222221211112211122
22121111222111311112111122121221121221211211111132312112122221222211212321211112
11222212122112211111222122112212121142112222121122122222112112212111221121122221
21111211122112111121221212222211112221212222222212122122122111222222222122121221
12211112121123221211122222122221111213221222121211212221122121112212111111121112
21211211211122222221121112121221222111111111121111112112111112122211222112121122
22212222122222112112111211222212122112112112222121122112222212112221212123222221
22121112222112221321211211112212111221222212111211211422222111212112212222211241
22121111121121122122112122121221322121221112111112221211112222122132111222211212
11121111222222212111111211211112112111122212131222112122211122111212122122212112
11131222221122212122222111112212112222211231121212222112211222221112112231222211
22112212242212122222212212222121211212141222211221121111121211112221212124221212
21121211212221222222211132122111222122221221222221122212142222111111111112211122
21212211121221222111122111111211122222212211223222111421222111212131222211212212
21122221112222112111121211121212111114214211122212111221211111112122111122211112
21131212112111212111122121211211211211222111122112222122221221222222212212321122
21112111222222212122221221222212221222221122122221222212222211111121111121221211
12122121211121122121212121221111111142122141222211122211121121112112112322111222
21121111121211212221122122121212112122222221122121223213212212122211122212212112
22212211211222122111121121112122222212212221121112222122222122121221211221211222
22222211121223111112222112212222212211222222221122112112132211122112222111111223
21212211212122211212121122211222221121112122221222112112112122211111222122212112
22212211212112222211212122221222121122231222211121222122222241222112221211212222
21212211221111212112122112211112221122121112111211122121211211122111111121212221
21221211221211111222122222212111112112111121222122121412241214212122113121112121
22222221211122111222222211211122222221221212122112111212122121221212223111212212
21211121211111212121121111112112222212222112322122222121212112221221222121122211
22211121121211122112221111211122111112421212222211311211112221121212122211222242
12112112211212212321222122211212122211121112222121112112222221122211121121211123
22212222111222211212221211131221112222221122121112321212212232222121222221121111
11212121212211212221112122221113111212222211121111111111221112212211111122222111
22121211212112121112222121111122121211222222111211111112111212121221212221221221
22221211222121122221113111221222112112212212122211122211121212221142221211111211
11121122121211411221212221122211111121221211211123111222212121112111232122112222
12111211122222422122111211122111111121122122121111121222222122112141111122211312
12121112222222222112222212112212122221242121221212214211212322111212211122221223
21111212221121212221222121222211211221121221122212222222211112211242113121112112
22112111122122111212122221121122121211222221413212212111121221112112111212212222
21122112122222111122112211121111221221112222211221121121221114122221111121212211
21211222121111111222121222121222322221212211121121122122221111124112112211111221
21112123112221112121221221112111122111222221122211212121211221222121121112111121
22212111111222221112212221211111241211121212221121222111211222122112211221222121
21222212242112224122211211311111111221111112121111122122212221211222114142222221
12122122212121121224121222212212212112122122211221121222313122122222222211222222
21221212221112122221212221222121121121222212212222212121212112211211112212212221
11222122112112212112122112212222223212222112221112121221111122212212211112122222
