21222212131111112412311221112121221221221121221211222113231111121111112211212231
22111121112111122222211112121122111221311122121112222112121212212212211121111111
12221122211121122122111122221212221221112221211112212211122112111121111211231221
22311222221211222211221122312221241111211121111221221211122221122212221112422111
22212221312112211222211222111122212112221222113112211111221212121221222112222121
12111122122211121213122212211211211111212222222211122221212221121122122221121211
22112111224212122211212121221321222111122221222211132222122312211221222222121111
12211111122222222121111222121221111121112112111222221211112212211211211222122212
21122111222121211122122111122112222112221212142121211212212111111222122121221141
12212212211111122111112121122112212212221112121222211122212212212111222221211121
21211211111112222122221212111111221221212221221111222222222121213122121121122121
22321211111211121112121211222122222212112221111121122112111222221221122111131222
13132112111111221222211221212211122222111122212111132212122122222212311222211121
11211222212211122223221212122221212111211221221211112122112221222222221212111113
22221122211211121224122112222122222112212221212212211121121211121212212111212212
21222212222221121222223211222211211121122231112222122223211121222121121211111222
21111122222121121221112222132111122112122212221212211222321122212121241222111211
41121211211112212221122131122121211112131112211232211112211421212121121222212121
11211222111112222111112122212211222121221213221121121111112211221222211111212212
12111222111122221122212111211212122422121112222222211222112121111122111121121211
11211221111212222131212422412121211122112212321122122112222232211111121112212222
21112111112212121411112112121222221211122111211122111212222212212121142121311221
12121211122122112122122221112121112121221221212111212121321212111221211222221122
21211111112211222121112221221221211211221122111212212222211121312112211122121211
12122211112112222121112122122111421112121122231211212122112221112221211221211211
11112122221112212122211212111211211111111212111222122111212122222212122111212211
21122222112211121222212111221121212211222132211121422122121111222222111113112221
12212321122212412222111121121211121122111221221122121121211121222221232112222112
11124111111221222111122112122121231211112121222222111222212212112222121321111212
12211111221121112221122211121222222112221211211121111112122112212221121121122112
12212122221112211122121211222112111212111112222111312212121121211122221121122222
21241111212121221212221121211222111121112212211221111111221121121212221111222111
22212112211112111211212212211121112122121221221211121112111121122211211122222122
22121211212212212211211112211111212121121212212212222122121212111121222121141211
21112121122112222122211122221421212221221222112112112122212122312112223212121312
22212221221111212222141121222221113111212211111122211211113112122212222221112211
23221111132212121122111121311111222212211112112121111122121212112321121121211211
21114212112111112222222111112122131223211311112212112121211221211121221122122211
21212222232321112112111122221111121121211211111221111212121212221122212122121122
11111421212121122121111223211211121122111131121121211211122122211221121212121212
21212221212121112421111222212212111122122122143121212122211122121222112111212111
22121121222221221222122222221222122211211142212222221121211122221121222221211231
12222223242311142211222121121122122212121211112112112212212222222112121222221122
21121122112112121122122211121222111321212232212111121122211211212121221112122122
21221121224221222112111212211222112112211111121413113122112212122222112112212211
11121212111112231112121121211422122212221222212212212224111222321121111122122221
22122221111112222222211121122212122222222113231211222221212121111222121122222241
21211112122222211211212212221221112211112121211221331211221122112211121211312222
11221211211221112221111211112212111221213221212222111211111111111121212111222221
11212121222122211131222122211221122212211211121222112111121222212211122212122211
12121211121121112122112122121121211112212211211112222211221131211124221122142121
11211221224222112221212211221222211111122211121212211111211221121221212122212112
23211212221131121121222221111221211221211222211111212222211211221222221222122122
11241122111421211112222122221221221222112112211121211112212122121121122212412111
11112221121121112221121221221211211221212222122223142121312111122222213211122112
21111222211212221212122211212111221122231111212222212112112222222212122212111321
21112211231111211222211221111122111122212122212112112121212211121222212121221222
12212221122212211121121221121122111121111221211212121122122111113222222222211122
22211212212222122122212211121211222212221111222221112212422111122222111223211212
11112211112322122212111111222121211111122121112122121221111112131221221221111211
12212111221221121221111211112222221221112132121222221112221122112122221212211212
11122221422112122211212212211221111211211311111111121221221221422111122111111211
11112212111221222211122212312211211122221222222111222122211212222111212222122221
21211211211122212111111221212211211221222211211222212111312222121112122111211112
12121122111222212212232211221221211111211221121221221121222412123124122112212212
22121121241111142221122212122111121221212112111112222212222132211121221221221211
11221222221321222122112211121222322121212121141211222122111111222211221211121121
14112212212212121322221211112121222121211222121221221112122222221312212221222222
22111221122122111112211111122211112212112122222211211121212222212111121112122211
22112112222122111121221121241122211111121212222112122211122222111111121222121212
21122112212211122212222112212212112111121211111211112222211112122212112111211222
21212212112212211112222221221221221112221121111111111211141121122112211212111122
11212122112122222222221112122123221222122231222221112111121211321112211221121211
13212221122212211122111121212212221112221132112112121212121121212211222222212121
21121122221112111121221222122112221112111112211111211222212111122112111112321221
21112111221122222221212211211122112111121211222211112231122221122141122221121112
22112121222121112211122111222212122111112222211222121122111112123121212111111122
11121122111112111122232221221222212111222121122211122122121232232112222112211132
21222122212221212121211111221111211222121221121221211112111222131222212211212221
13211112121121111121112222222221121221112221111222122312222221112111121211221212
21123211122212222111221211121122211122221211212122211211121221121122112121222211
12111111221211223222112221222121113111212222211112221232111222112112212221311214
22112222221211121121112221111111221221222221112112221112211121212112212113111121
12121121222112111112221121222211222211112221222221121212211221211121111122222221
21212141222122222131212212122212222212222222411111311211221211222221221221222121
21122211212221211211211222222122121222211111122222231222221122112221122211121221
11112111121112212121231221122221211112222221121222121212121211122111112212321121
22221322222212221111111211221122112212124212222222111211221221222221121221121112
12112221222122111222222212222212221222211211212111211111111112122221121122212122
11231122121122111222212211121322111221111232122211222121112211222142221122112112
11121112221222122112121212122122121121211211211111121111121222112111111211221221
31122122221111111112221221211321212232213222121121222221123211211211224212121121
21122121221122221212114221211211211122121122212111222111222112212122121211221221
21222121221211222221211122222222122122131112232222122121221211211213222222221211
13211221131211212211111222222112212211211111211111122221111111111121112121121211
12111211112112311222122111212221111221222222211111112223131131122412121221222221
21111112222221122122222221112112211211311122112122111111221122211211111212121112
12131121111211111221322122221212122221211212121222122121112221123112112112222211
22211111111211221211111111231112211122212222111221222211212121112222211322122211
21121111212211111212212231221222221211111211112111221111122224121112221211212222
22221111212211112122211114222122211211111222211112212222122241211122212111112231
12111111212111322112122221112121211423122121122111212211212112111212222121111222
21132324211221221141112211212112124222122121211121121112112211212211122211121222
21112211121122222211122113122112112112111211212211122222211212121212212111121211
21121222312122221211122121112111132122121121122212211232121111121124212222111121
12222212211212122112222222211212212222121122212112124211112111111211212113112221
22121121121112222222212122232212221212122221212121112112212213111211122211112122
22121212112221211212222212122112222124112221221212121212211211112111121112122122
12211222122211112211221112221211122111131212121222112221212322122112121221111211
22112142223211222121111111112122211222112122221112222212212111111112212242421221
11112112111111121111122242111212222112221221112113211212111211222212222211132214
21212212221221212112211121221114132212212241221112212122112111222112112122212122
13111211221121211213211222121221112111122222221111122111141221112111221221121112
11122121222112222122221221211112221112122221122221221122132212112111221111212112
12111221211221212222212223122111222111212321212222212122121222211211221121111212
11211112121221131122121112212211112122111212121121121212121211121122122232123211
21121221232222121221222122212221122111221211122121211111212112112212123112123112
21222211211211222121111212121112222222121212221222211111122121222122121122122121
11221121212112111121122111211212221111131121112111211122111221121221222212122212
21212121212212222222232221121111122221112221211124111121122221221221111221121211
12221221121222122212212122221222221122214122222222221112121111113122221111122111
12132121112122122212222221122111112222121112212212222112112212112223122121212212
22221221222112222112112221112121212221111212221121222221222212122211111112121121
11222121121211221111212222122112212211211211121222312111222111211112222122122122
