12122421411222211122112222212222222212122221222121113122112122222122221122122114
13121112132211112121142222111221122212211112121112121411211212122221112222112112
21221111211122111122222222111122112211312111312212122122222222222122212111211221
11112222222213212112221322211212112111122112111221112111232212122121111221122111
11122111122112122222212321222111222121211222221122131222211211122111111241221211
41212112122112121111121121122121212122112212121122221221221111221111122111111221
12111114212111111312114122111141112222112222122222111121121122221212222212212121
21112213211111111221121122112212223411121222122111212221111222222211122212221111
21221111122212112121211211222222122222312121222222122211222121222231211224111122
23112121211122222222211122212221112222212121211212212111211213222221212122111222
11122121222211112221121122212211221212122211211112121211111122122213121122232122
22122223221111221211222222121212111223122122122122122122211221211121212212111112
22221111242211121222111222112121111122222111222221111212211231222211222211112221
11241112131211121211222212222111222212212111122211222211121211211112212141112212
11221111221111211121122212221221211122222112113121112112211212212222212212121222
22122123211222211112111121122211211212211111221211112122212312121112112122212121
11221121112122211121111124111112211232121211112222221341122112112111121112111211
11121221222111412211121212222211122111121121211111212112322222222111211221223321
21111121222122221121112212112211121212122221111212112221122112121122221221124111
11111122112221221111112112212122121222122111111121122121112222311121222211211222
12222122112222212111122212224211121222112221121211212222412222221212112221122112
12222211222112212122221211222122222232112212114211112113121222221222111122221122
21241122212211212122121111113121111122211221212122112222212121221221221222122121
21121221122212213121122211222121211121221111121211221121221112212111121212111112
11221122112241412311112221211111222121121111121212112121111213211111211112112211
12111111121211112111221122212122211122121211111121122211141221121222122221212211
22122222121222123222221212222241111222112222122212122212212221222211122222111121
11211212212211212211212111112222121121221112221112111111121211212422221121212111
11212112211122212121221111112112221211112222122221122211112211121112221211322222
11111132221211211111142122212221111211222122121211122122121122121112111122211111
11222122211221211111122321122113112212222221111112221112222122211221122321211112
12212221221122212221111112212221212212232111222221112211122112224112111222122211
12221111212222111111112112222211212211212121222122221222211111112121121211112222
11111122121122221111111111211111112311122211122122122112211111111121121412111222
11112222221221121111222111122212211223422222112112222111121122122222211222121131
22111221212221211121221212122211112112211111224111121221221121222321122121213212
11212212112122112111121111122222212213121222212121212222421221211212311422221212
12212121222222212221211114222121121212222112221122212121142121214121112121211111
22222111222111112212121212112112322211111222121121111222211322113312213122121232
11222122212212211122212121221112211121221121111121111112121121121122121111222212
12212121221221221212121211113212212122222122222221132111212111122111222111222222
11222222222222111221112322221222222211121222121222112212221222212211121122111111
21221112221141222212122211112111212221222121112223221122211111222122122221211112
21121221222211222211121111211222222221211112121122223211112122222222221211224122
21222231221121112211221221121111222111221212212211111221211211121122212123222122
12122112221221112221132212111211122111112212211212222112212222212112212211222122
12222112121212121111211221122222222112122112222122222221122222122111211212121112
22121121221212222111222112122211111111211121121221112212112121112212222212221221
21112121111112322122222112112221112212122111111211211142122121112211222211222221
12221222212121111322212211211212112221221111121122222111111132111112112122211111
21212221211111222112222222221121122212212121111221213121111221122221211212212222
12212121212112221212121112112121211121212122121241211122121111221222221112221121
21112232222121142221122121112112122111221112222221211222121221111121121112121212
22111121222122112122212112211222212211114221132212122214111211112111222222211222
21122111211212211211212211223211211221221212222122121221211111211121111112222211
31111221112122211221111211123212111112112122212121221121211222212212111212212212
21231121121211231221122112122122141412322211121112221112222211211221121212122222
12222222212212122221211221212211221211211242212111112212212122132222121112122421
11211111222122221121121222111221211122122112122121121212121121222112121222121221
23231111221121121122222212212221322121222112222121122222211111221241122111121111
21221221212312211222212132222122122132121212211212212122212212111421112121222111
22112112121111212211111112112112211112411221111122222222111111121121211112112121
12112122122122212222212121132221111112122222123122122121211211221121121122111221
21221211212213211112221111211111212222111111121224211222111221221111222232112212
12211112113122111112222211121212221121112111212111122221132111122112112122232112
11221222112113112111212212111222141212112212121221121211211111211221232211212111
11111121112112223111112112211221111112112122112212221121232111211121122312121111
12121114222111121111111212211121112111242112121222112112111221212121112122212211
21121221141212121122211122212122211211221222211212211221121122322211222112112122
11112122111111121212222112212212223212132213122221221222222211121122122122112122
21221211121112112121212212212112211222212112122221211212111112211122212221222212
22221122121122111222211121111111222222211111111243122121112222112221212122222211
21122122111221211111222221121222122222121212223112211112222112221111112122221122
12121212222212212222211211111122121111112122222211121212211212111221222211121112
21222212111422221112221112211212121411122122222122112212222211111222211221111221
12222121221221122212112221222111122222211312221113212122131111121211111221111221
21122211221211222222212121222221211111121122211112121121212221212121221211112211
11111221112121121121113222211222121221111211421121222121212222222211212222122211
12122221222211221112112212112222222122111222111122122212212221322121222122112122
21122111111111221122221111122122212111122122112212221211222224121122212121212112
22122222111121112112212132121121222112221222112121111211122121212222222211212122
22111221121112221212111121211111112111121111122112212121421111222221211222211111
11211112121311212111122212121121222111121212211222212221221222311221112121111122
12211221222142121122212222221111211122111212111132222321311121221121111122112222
13112112221111122222212221221221112211121222111221121121212112111112212222212212
21122221111211112112221221212211212111121122122112111121111221222111222111212212
22121211212122211111221122112211112411222222121121112122122222112121212221111121
12222111211121112221222122122122112111121111121212121213212121222122112122122112
11221222222111221221211122212212121122221111211122212121132221112124222211111222
21122111121112222212212212111214112222211311112213122121221122221122111111221122
21211121222112222212212221222212211112142121112222122121122222111221122121141222
21121222213111211222222221121221311212122122111122211212212112212221222222111111
21222221211212122122212112111212221211131111221221121212221221222121212112222121
12111212211221221222111111222112122112111221222221221112111321112222222111211212
24221212212121122222111121142121212112121221212222111222221211122112112221121124
21212121121212122222121212122121212212211211222212212211212241211112121111121211
21222212211211122221222212212112112111322111224311112212221211121122222121222212
21111112111212211221422212111111221222122221111221122121122222111121111212222222
21211212112111111111211112212112221212111221111122211221221122211211122222121122
12221111212212221121121122122121211211211112222121121111122121211112111221211112
11111221121121112221121222112221212211131211112221111122111122122112122212112121
32211111211121121111121122222212221214112221112112221122212121222211211121222221
22221221122232242211211211322221121121111111121121111111222212121122212412111211
21212122221112122221212121122212111222211112221112312112212211121222121112221222
21111112211112212121121123122111111112112211111112112121112221211111212211212111
11212111122114121212221112122111222222212211122111221121211211221111211211121212
21112411121221121121211211121212222211212112112211221122112221111121221212212212
11221232111121212211111111112221111122222112112121212211111222221221121121211112
11242112121221211122221221112111221121411221112221211222211212112122222312212212
21221111211114112221232211122122212112122122122432111211112111312221112212121122
14121111221122122121222121222221212222121211232122221211211221122122122122122111
13112211111212212222112121221111122114222112221112112222111211211222211211111122
21112211121112212122121211212221212231211112221222221112222122212112211111121112
11122112122211111122222222122411121212122212111222121111312212111122211222212112
22211231212112212122232222212112222122221112122211241111212122211222222112122121
22211122231112121222221211211212111212421211121211312122122111222221122212211221
11223212212222111122221211212122111221222211212222121222111212212421222222122112
21222121212221121131212221221212112411221421122222211122412111111221122122222211
11212212111111112112222124212111211112121112232114211111212221112112222212213212
12111111222213211111221222212122212212212222311122211111212211221111122122211311
22222222211212211211221111222112222212122222141211111212211222122212121122211211
11112222113121312212212211222211111221122221112222111321121212212224422111211211
22321212211212211112321221221222231121111121112222212222221211222111221112112222
21112121111131211112111241222111212121222112122222222122121122112212111111212122
