21222131112211121122111211131122122211122112211111212111111111111121211222122221
11121111123122111222122112212232122121213212211111221221111231221312232112122121
21122212111121241112112222222122111122211121211322222212222222111112111211122221
22211211222121241121121222121122121112121222221421222111121312212211122221111111
11222122222222211122211111121112212121222112221221121211112121121222141112112122
12121111212221222221122122241111222221122211112112112242121122221112222112212121
12221112211221111112121211121121221221222121212121122112122212211231211211222121
11311211121221112211111221221111121211111111111221221221211112222122112122211111
12221112222121112111111122222121123212112212112112222221122111122221242211222221
21211121211121122212122111112122111121212112211111222241122222212212111222111111
12111212211212112111221111221111221112111212222113112121122122111222221221121122
11221222222211111212212211121112112211112222121121121111221212211221212121122121
22211222221212212111211112122212221111221212211121212112121113321211122122131111
12122111221211222121211222212112211122222111211112111111122321112222222211111212
11222122212322222221411112124222211212112121122211112111121322221222211222111211
22112112112112122122222111122121222121222111221222222112122321121122222222211212
12222111211321121112122221221112212121111122211113121121111222212211212121221111
22111222111212212122121111212212132111121111121212211222122122121212211212111212
12311122121232212212122221121212132122112222214212212212222121123111221221221222
22122211221221221222221111211122221122112222111211211122222211211211111112212121
22212222211312211122211212121112212111112241121111122211221112111121112222221212
31121222112122212123112121221211122121212221111112221221222211212121121221221222
13121112211221112212122222222112122222211121122211121111221223111121223222222131
23111111223212111212211212221221121122112211222112212122112121121212123221221112
22212222321222322121122221121222111222112122212221111122122212212111211111112222
11222111121112111111112412121221111112114212111211222221221121112121211121122211
22212211122212214221112311222112222122222212112211222121221222111112232222121221
21222122111121212212221121112122111312221221122221121212211112221222122221212112
11222111112111122111222221212211121312211111221222212221212221122221111111222221
11212111221122111112222221113112122211122121212123222112111212221212222211111121
11211222112211221121221212221111121221111211421221222211222222122112311212221211
21212112212222211211222131112111121113122231122112221122222122111111211121111212
12112111221222222221121221121111111122122212112122221212212212312112222111111212
21122221222121212222112121121222221221221222212221212222121222211231122112212111
11212211212221112111112121111112222212212222121123311212222124122221212221211221
22221112141211112122113122411112211211122111212212212122212111221212121211411112
22212213212122121121112222121232111221112312212222132212222211221112122221221122
12222121212112122111121111231222212222112211122111212212122112111231222112222111
11122121122111222221222323211222122121112222122122222221122211111211222121211221
11222222121122111322221122211211212221111212313111122121112112221211212122221112
12111223211111121111211211222311211221122212122121111211121121111212222111121222
31212112212221212111112121111221212222111212121112111212121111211222222111211222
21122112212221212222211222111212112114111222222212112211112122211121112111221121
12121132112122111121122121112112222121121111222121212211211221222122121112322141
22122112212112211221222121221212211112222122111121121221111121111112122122211112
12222112122121212222211122222111122222211212221221111121212121112222121211212111
21211112111221222222222212212222111212112111322112111112121121111121222121122121
22212231212111122112121121122121211221221221121221221211121122112221121122221211
11112221221121111212122222222221111112212121121121211111121122212122211121121221
11112111211222121112212112121221222222322212211221121222212112112221111212211212
12222122122111212111212112121212112111111111222122212322121221221221211121211121
11211211121122211112122222112122111221222122212222222212211112212112112222112212
12221232113222112212221222212212221112111222122221122212212221221211212212122211
11224121211112212221221111112112111211111111212222212221122111122211112221221111
12212121221222211123121121232212212121112322121222122112212222121222222121212112
22122221211111211112212111211121222212223111222212112112131222222212121122221211
12221211213111211122124222212122123221211211411121221121211241111223221111111222
21212221211112112141211122211112211222222221121322221131121111112111222112212211
21241212211111211221221121121112212121122221211121112222121212111112121111221111
22212112122121122221122221221121221221222112111111141111121212122121131212111222
22122222112121221211122122211212112122222122221121212212122112211211221222221212
11322122222111111211221131222122111211122221212212122122112222122122131312222212
22212111112112212222211211221111111322212121122211112111221222211122112121212221
22212221112121112121111122222222113221111212122211112111212112111111122222111111
11222222211221211122212111121112111111121111122122113211112112221112211122121222
22121111121212221212211212212222212122131211211122212121111212111212111111121121
11212222112111212212111122221111112221221221111121212221221221211111132122112411
12224222112122211222212222212112211211111211222112111111113121211122122122211112
12121211124112112112222111122122111211212112211122122111111111111112111121122221
11311122111211232122222212211212211121111321212221121222112211111322121112211121
22212222221111111112111211211212222111122211212112112222111122211222212111222221
12211212121222122111122121221122111212212112221221111112111211221212211112221112
22221122112112212111111112122212122212212212124221131221223211222122222211222121
12121122221124211313112211222131222211111211222221211111222122112222312122121121
21112122212111111211223211112221121221224221121212112221121222121112112131111211
22222212211222211112222121212212221212222121211222112111221111111121412212112321
21211221112121212122412122111221222222122212111112212121122121112211111122111222
12112221111121121111121212212111121222212211212242112122211111112212222111122211
22221121221122321221122211112221221211214121111122223111122221111222111212122211
22212121221112211122111111212211211112121311112211221121222211222122111212222211
22121223422412211211211224212111221122221121211212212122111212211122112222212111
21221211211112222321122211121212121212323211211222221212222121121112122131111112
11111121122213112212121121121422122221111222121131224212132212122231212222121121
22222112222121211122122211221121222111212111111111221111221112111212411222111112
12122122131124122111121122222221111221212221212221211111222111221111112121212212
12211214121111121122121212221112221112122111432112122122111112121211221112221122
21122112212111211212222221112222212112212112222121112122111211222222212211221121
12122222112121221122122111211212121121211122421221111111222211212121112122122112
12211112122121122222111211212222221122122212111222222113222122222112112211211222
22121211224122121122111122222111212121412111111122211111211111121122122212222112
21122212112122221111112111111221212111212122122212222222212221212122122111111112
11111121111121122221121211221221221122111221222212121112121112231212112212111211
12121212122222111122222211211321121111121222222111211212212122111222211212111111
12221111112121122221221124112221221221212221212221112222112111121121112112212112
11112112112221121122111111211211122111122111221222111211111112221112211122221241
21122121121221312222111111121212221222212122221122111212212121111221222111232112
21121121222122221212111121222122212121212122211122122121222111112212142111211111
12212211111212222211222121212112112221112112211222221112222232112122212122111211
12122122121212122211222121112222112123111312111222211211121211222211121221121122
22111212122111221211112222211112211221222222222122211121121111222221212211221112
21211122112122221211221211221112211111111222122211212122212112222222222221212111
22221222211212212222211221223111121212212311111121221121122111213121122122111111
11112212211111222212221222122211221222212212111111121221121222122121112222111121
11121121122112422122221111112112112222111221222112111111212211111121111222112112
21122222211122111211122221111121212221311111132121112111112112111212111211222122
11121122112211131122212111221222111222121122211122222122111112321111211221212212
11122211221121111221222122121221121222111221212221221212111211122221212121112112
11311121211122111122211121132111112211111112222111222112211211221221222112211221
11221132121222122111211321122122111212211241112121211212121112231222211212221211
12221221112122112221221222222211221222222112132112211411122211222112221112121112
32221121222121222211121222211321121222212212211212222211211212222211211221111111
11211211421121221122222212221222222111211211211111122122211211211121222111221211
22321121112322222141211111112111224111111221221111112121112221111122221132111221
22221111221122113223212111121124121221211111122321232112112211221212121222211212
22122121222121222212221211112122411223122121222211212121122221111121211211111111
21111311122321322211322222111312212122221111121111222222121121221121111222121122
21111221222221112111121222111211122131111211112222212142221112111222222221122221
12412211111221311211111212112122221212111121212112121222122211222212111111122212
12111121211221411222121111211111121112222111212221131111121111212211222121121122
12212222211212111121112111112111121112112122211231211212132211111112112221122211
12122212111211221111232222121112122122121222221111121112212113121112222122222211
12222121221122121212222121121221221211122222222212211242222122124221112211211221
21222221211221122222122111211112221111112121112211222222112211121222111221221123
11121112122232122122122222121232114111222212222211221112112121211211111222221221
