21111111111212211122111112121222221212122121221211211222221222121212211212212211
22212122221112212222222112222222221221222212221211211221131121121211112211212112
21121111222111221222221121112121212221222112223222122112221221122112222111213122
21112213122212121222121221222221211112211211211221111122211111212111221411111212
22121111221122111211111122212121121112122122111221112121221221221112111211221212
11221121121221212212212221112122112121212211111122112121211111121222112121122211
12121221122222111212212222111221211211121211121121222222122122212112212113212121
22212222212122222211221212111211111122212211221222112111121221111221122122212122
22121121222111211112111111121122221111112222211222111221122222111112212121211221
21121121122222212111111212112221112221122211121211112121112122322211111112311222
21111211112111212222122122111212212211121212121112111211221221111211222122412122
21111222222211211212112212222222212111121121122122221212221232222112122111112312
22221111212111121111221111121121222221222122221221111112121221212321212112221211
22222222222122121122221121112122212222122122111212221121111221121211121221211211
22122111112211212122212221211212121121112222111122211122222221121112122211111221
22111212121121122221121213211122122111122111213222211121222221111221122111111211
12112211112111121122112211212212112221222112221221111211221222211111222111122112
12112111222221221211121211111221122122122211222211212122221111122112222311112122
21122221121222122221121113111211111211121212121111111112121212222112221111221111
21212111242122112121112221222121222111122221111111212221212122221221212211221212
22241212122311112211112211121112221212221211222111121121122121211111111121221111
22222211221121221211322222211112222311222212222112212221112231212122121221112221
21222221222122112222122211412112112111122221121122132122222111212212212222121211
21112111312211122212211211112221212222112142121311212211211311212221121111222221
22122221122112212111111111112221221112221112111121222112112212222121121211112221
11111122121211121221112122122221222112111121121122211111121122212121221221212121
11312221242222221122221211122212111121222121131112221222112122111122111222212122
12212212221121112124222121121112221121112221111112112212124111121122113221121112
11122121222122212112221221121211222224111212122112112112222211121222222121122211
11221211222212211311212122222211222212212111222121112212211211122212211222212222
32121121112122212121222112211121111121221221111211122122222211211212131222221112
11111111124121112221222211112221121222112222111121211112222112222112111112222211
12221211121122112211212121211222222111221111111222221121212211132223221221221212
11212221122222212121121111222121221111121111211211211212121222112211123112221212
11111112121211212221221122122221211211211111121212111212121222221211122212121212
11122111211231211111122211111211111121112211121121121221112111222212212222111122
22111121211121121222221211112122221121212112112122112221121121212221131222212221
21222111222141121212111122121211222122421111212122121121212312121112212112211112
41122112122122112212212312212111112111212322212222111122111121111122112121221211
21123231112121242111112121112111222221122211221121212211211121221211112112211221
22122121111211222122112222122211212212121222122122121211221214121212111222112121
21222111112112211122111111121221121121112112121111121112111122121121111112111212
11212222211221112222222112231111221121212121112112111221211121221112111112111222
12211221122112221122221111122211232111221311122221122212121111322111111211122211
11121112232222112112212211212121221221211211121111221111211121122221211121221222
11222222222111112222121122122121212122221112111221122122111111212121211212212121
22221121221111112113221122211121211212211121221121222212221212211121312111121111
11122122222211122222122122122122121211111212122122221211111121231121122111112111
21112322121222121112211121122121211132122121112122212211121112221212123112112112
21122221111121212221112122121112221112122121114112121222111112122122111212221221
21112121222121141211111222111112112212122112112111212122112112112222122222121211
11211122111122112121121221221111122111211212212121221111121121111221221212121211
22421121122112121122121221221222212121111222211112112121111112211213211211122122
12111212121111122121212312123112121121111111211212221111212211122222111122221212
11112212122221112112122222221111112221112112221211112112211112122212212211112212
31222221111111121321111122222211221212221111122212121212312221122111211222122221
11124112311121212221211211211221222212121111112111221121122121222212212121111222
12222222122112112212121122222221112221212121211221222122211112211221121212212221
12122222231212221121121212111211121111222221211221221222121322111112211213111111
11112222121112221112211212122112112122212112211111111221212222121121121111222124
21122211111212222211221211321121122211221111221111121111221111121111211121112122
11121211212121122111131211122121121212211221121122131112222121121111211211111122
22212121111121221211212112111321132332111111211211212221121122221122111111221222
21212121111222212121112122212212122121111121212232221121111212222211222212421112
22222112121212222111222211122111211212121122222212211222111111211121112212122131
12212122112211211214211221111222211122112222111111122132112111221122211111221112
22121111111121211212121222122221222122222111212111122211121112121111111122221121
21121222121121112122121112221212112211111112112211112211211121221111212111121122
11211211112121211212222121121112221112111311211211122211122211221211111221212112
22122122122212211232211211111121222112122122122121122222111111114211112211211112
21121212111211212221221111111112222112212112111221112112222111211112211222222112
21211212121221211121221322212121211321121221122121222122112212211122111222212122
21111221212122112212111111211211221222122321221211211122123221222221212211121222
12122211121131221112212212222211222122222121122112222111111112211121111212121212
13121211112121213122212212212212122212221231111122211111221212212122121212112121
22212211211122221111222211212222112212111111211142111221222221112212122211111212
12211222212122421211322112221212222112112122121212211212221111211121122112121222
22112221211121221212212222122221111122112112122112411112222121112212221121111221
11222211111111111113122221121112111211211132112111112122121111111112122111221212
21211212111122122122222212111222212211121212111122211111211111212111222111121111
21221112211112211122221212112212111221112111121222121112112111221222123212212121
12111322112121132212212114121111212222112121211112112122211231221222121111211112
12211212222111122112112221121212121112222211121212112212112111211111212211211221
11211121112111221122211222111111311121111211111111111212112221211111222112121112
21211222112121121122122222222112222212111111121222212112121112222122222112121222
22121222212112222221212212211222412111211121212221111121211212222221122122111122
32211122121221112212121222122211121211211121112122211111221112111222111222212121
12211221131221222214112112121212122211121121221111112122122121211111111211211212
22122121122122222211112222112111122222222221221222122122244211111111111411122211
11222213222111122112111112112212211211211221421121111121122112212122221222221212
22122212121111412122212121121111221222112111211121122211212211121212212122112121
21112221121111111122121112322222121122231222112211212222111121211121112222212111
12122211222211121212211111222111212211112112212113121211121221221112111112121124
22121111221112122211114211121212221212111212211122221121111212112211222221211212
22211221113121111213121121122121221222222212221211112112112121211122212222122112
11122121121211223211111112112122221222221211211122222221211212212121112221321212
12121212122112211112221222112122211111212121122222211122121211111121112111122221
22212211111111222122122212122222221122222222211211112121222222122212222212121222
11121112211121121111211112121112121221122212211221212211212121212121221211212222
21122122111221112222111222112112111221212222221112122221121212212221212111122223
11222222221111211222221112212121111212122112322121111222221121222111121211111112
11121121121112222221122211222121212221212211122212212211222221222212112212112222
21212211212211121221222121122111121122221112112241222111221112222212242212112211
21121114221112222121112111221111213111212121112112222112211121211222221122121211
22211211222112222122112111111221211122121122221121222222121121112211112211121222
22121221122122112221222112112221222122221122212122221131211211211111121312121322
22211121121121122122211222212121122112111122212211212122112213212212112122212122
11112211111122111111112212111111211122122222221122212112112211111121412112221121
11221111111122121211222121212221122222111111221222211221211222111121212212122222
12112212124212222112112211212211221211111122121222222121213112212222111211121122
22211121121212122122212112222211321121111221212212121222122212211211212212211112
21223121122112222212112113311212111211211132212121112121211122131221212321111132
12122111221121212121121111111111221111212112221111211112111112121121221122122111
22212112121111212111212122122221122122111111221122111222211121221121211221112112
12212212121222122132132111213122122211111211121122211221122221211112223222222212
11111112121212222211132212222212212111222311122122121222212122122211112112112112
12212112112221112111121221221211112222111112112312112111312112121221112122122212
21212111121112112111222122212222112112111211111211112222212142222222122212121221
11121211212112112122111122221221112112112122111211112121111221112112111122122221
22112111221111211111121222211221112123212122111111112121221121112222122121222221
21121212221211212122211212311121112222112112121221221112241121112222122222221221
12112322111221221221121311111121111122211112112121212211121111111112212212212222
14222122111211211112212221321121212222112211211222212132111122222211221212111222
11221221211122111222221212221212122222211211212121211221212232121221121112212222
