22111211221112212122121222211212211112311121111112222211211222112112221122211112
22222112222211111112111122121112122222112221221222122122112211112211221112222221
21124111212111112112211122221121111121112122112112121122211212112111211212222123
12212122112122112112112221221212211111121111112122122122222112212221212222222112
21222121121112111121122111221121111222122212121222321211112212111122121121111213
12221221121112211111111211111111222222222121221111111112111111211112112112221122
21111221112212211212111121121121111222121112222211222121122121211221212222112122
11211121212212122222211122231111222111111222222111111212222121111212112122221211
22111211211221221111122222212121121122122211221111122211212111211211121121121221
12112211222121211121111111111222212222222111122121212112112121221112121111212111
12222111211112211121221222212122221212212221122212221221111121111212222221122111
22111211112122112112212122111222112121211122222121221221221111222111112222122122
22222111111122222222122112221222111121221121111211222112122112211111222122111112
11121212121212111122112211211221222212211111111121111221122122122222231221221112
12221212221211122112222212121111221122122111112211122111221212212212121211112121
22211312211122111111332212222221212111212111213222122121212121121111112212112122
12221122222211121222111212221222121112121121112212122211211111211122122212112221
22211221221212212111212221222212112212121112122211212111121123111121211222132111
12112112122121121112111121221122221121212111211111112211121222111111222121212122
21111221211212111221121122111111121122121222211222111121211222221112211112221211
21213212111221122222122221111121212212221111111121111211212211111121112212121221
13111111221221111211212221221111111113231221212111211311111112212111211222121111
12222211111242112111111222112222121111122122112221121211222211112122121221121222
11221112122122112121112111122122111111111122112211211122111211123222121212111112
11221122111212121111221221121111211121121212122121111111122112111211232212221212
11133121212222122211211121221212111112111111223111112122112112112211211122112112
22122221112221121111112121221121122111221111122211111222111211232122212112211112
22212212111222222222112221112211121121112212222212112122112111212222111211122112
21212211222111121221112112212112221121321222222114111112222221221211121112112112
21121222212222121121211111212221212221222222121121211212222111112121222221222212
11221121111212122221112111121212221121111121221121322112221121121121122221221112
22212111121111122111121222221112112112111111111222122422212212222122221221222222
11211112121122211111121121111121221212121121121122122211112212122212112211224112
12111211221211222121112211121212222222122222112112212121111212222121122121122121
11111111212121222222211122122111231111122122122212211122111121212222131212121221
21122122212212222222122112112221122121222212222112112111122112221122211231112221
11111121121222211212112111211122111222121111112121121211222111121112222121211112
21222112112221111122112222212211122222211112221111212111112121111112112112221212
12112221211112121111112212122223221221112222221211112211112212212121121211212221
12111121212112211112222111122111111211212221211121211112112212121221222222122112
21221111111322112221121112121222211112121121122222122221121121212321212211112222
12112211222112111222121221311121111122221122212211322111111221112121111121211211
21211211111112222111111221212222123212131112211122122141212122221211121111121111
11121111112121222141122211221221111122221211121112221111121121111112222122211121
11122222121121212211222121111121211212122222211222112111112122221212112121122222
11122111221212212112222221112122212211121221112111122222122112211111212112111111
11112222111212111222111112122322222221111121212121132121211112112212111111212112
21121112122122122222122211221212112121111211112112221222222211121221212123222221
11211211112111112122211122111222122122121112221122111122221211212211112111221111
11122222122121211221111121122212122211212221122121121222122212222121212222211221
22212222212222112222221112121222222121112211112112212111112121211222111111212111
12112221121211122211111122112111112211221112111111222111121211221211112121121122
22222212112122221222121211121221242111112221211121212111211122221212212111212111
21222111222121221111222212111122212111122121212111121112122111122122221421121212
12121212121211221211112121211211122221211121211122122222122211222111131211112111
12221122211111111221111111112112121222112121221211211111222221111112221211211211
22121211122122111112122211121111122121112112122121111112111112111242222111212212
12112121212212222211112112122221121121111121121111221122111112211212111211222112
11111121221111211121212112211111211121221122111211212112112121221221111212222112
11111122211122121221212111111211111121222211121112421232211211111112212211113111
22111121212111121222223211222222212112122222212312221211122121222211121121121121
21112111122112211121121212221212122122122121221222222222122212111211112221111112
22221122212221222211222322221211222212111221222112222222222122121121212222212112
11112221111221212111222122221121211111121211121122111112112111111211122211112112
11212221211121222111212122212112112211111121211111211221211121212212212221211121
11211221111111211121121221211121222112112112121211111212121112121212212222111211
22222111112221212212212112221211121122211212222111111121111111222222121112221112
21222112122111112221121112221212122212121122111121141222111111111112112112221221
22111112221221111322121211111212221122121222112212411212221211112211222124111121
11121222212111212122212121111111221112222111212112111212221212221122212212122211
22222112112141212211211142212121212111121122121122212112111222122221112121112112
21211212211121211221222421112212212212111221112111112122222112221111121122121221
12111121111211211121122111212112111211211122121124111121112112212222111112121211
21111111122211222112111112112221222121111111111221111122111212212211312121122121
12121121211222121111112121122121222111211111131212121211111221112111112222222212
12212212221121311221212222121211222212211111121112122122211111112222122222222122
22112111221122111212112121112211122222122112111211211242111112111211122112212111
11122212112112111222221221111212242311121222211112212211111112111121222211222122
11111121121222111112211112222122122221113222222221121122212121211111122212112112
12112111112221222212211212212121112121222121221131111222211222212121111111112211
23111112111112211112212111112121111111112122122111122111121112222111122232311112
21222111112112222111221222111222211221121112111121211221211121121122211212111111
21222111221111112212231421122211112112212222211122111211212112122222111212221122
22111122112111211121222122112221111122111221111221121211112211111221112111221112
12221121121112112211121312212111212112221112211221211212122121111211122142222211
12111221122221211221122222221122121112111121112111221112122121221111123111122222
13212112211121111111111122122212121111211211221112111121322112222222112112212222
11122111212221213121112222122212212211111222212211111111222112211211111212122212
22212123221211211222112111211121212112131221121112112211122221112212122112212111
22122122131111131112221212111312211223121112122122111112112221221121211212212211
21112122212111224112211211212112222211121221222112222112211111112112112111111232
22212112211111212112311112112111212121211124111324211111122222122221222111121221
22211121121111111111212112221212111121121222112112211112221112211211122112112112
11112211121222122111212211221122121222112212212114121211111112211122112122111213
11122121211211222121112112222221211111111111122122112222211212222121112112211212
21221111211112221121112112121111111213122211121122112122212122121211122211211221
21211111122111122111112111212212111212211221112212221222122112211121211112212222
11122112122212112211121212112111122212121121211211121212212122212111122122121211
12121111211212121111211111212221111121111211122222111212121212121112211111212111
22111222111212112112211222122221212221122212111212211222111212222121122212321211
12111212212211111221112221121222211212122111121211212112212111211122111221113112
11121122121211122211222311312221222211121212211111211222122111121221112121222221
21111211221121211112221221121111212121112221221222112221231212111112221111221111
11211211111111211122311211111211212111111211211112211111211212111211112212111211
12112212212112121212112222121222111112211111221111221221111122211111221122111122
22111211221111212211111121122121222212122311121122211212111222211221121212122113
12211112112112112221321111212112122122122122112122121122221111111222222122121211
22111121112121112212211121112112112112111212122121132222112112111212112211222112
11221111112112222212222111121112121121221221112111111212111212122121222221112212
22112222112211221111221121211131221123211222211122121121111112222112211121112211
21211212122112221222212221211121222221122112211221222121211212212222112121212222
21222212221321121121122221111211222212111211222121122111122222211112212111112121
12221214121122212122223111212122221112221111112212211112122221221221212111112111
22224221212122212121121211121212112111211212122121221211221112111122212112211212
21211212122121221122132111212212212112111122212111211211121221111111222222122121
22222112111122122111211112211221211112211221112122111122212221211112211212221212
21221121212212211222222121211212112122111121212111221122211121112212111212212121
12222222221221211222212122212222222211112122121112122222122221112121222211121121
23211221112111211121111211121112112111121111212212221122221111211211122121121211
21112211121211122212112221111222111112122122121111121111122222112212111111222111
11112211221222211222212213122112211112111111121121222112211111212212111111111211
21212111221122212121112111212112212122212212212212212222221121211122111111122122
11111112121221222221211211122112211123111222122111221111221111122111221221122122
11111211122221111112122121212222211212111212111111112121121111112211121221112111
