22121111121112121122212122221122121122221111111221122121212122222111211211111111
12221222211221111212121111211112122111122212212121211122211122211122121112222211
12122212211212211222111112221212222221122211221111121221312121111121221211112121
21121211121211211111221121212111221222122111111212212122211211111212111111112111
11112121122211212221112212212111221211121421122212112122111211121212122211121112
21112422121222222211122112112221122122121122122121222112121222121122122212111111
12211223112211222211111222122122121122211121112111122112112121221211121121111111
12122222211322212211112212221222121222222222221122221311112141112111221222312122
24122111122221111222221222121233122211221221121222111212212232122221211221111121
11121122112211111121211112222222122122221211111212221112121222111122122111112213
12222221121212121112211131222112112211121121111111221212211121111112222122122121
31112221221122122112211211111111111111112221112121122121111222211111112121221121
22132112222112111211111111222212121221112221121121221122121122121112222222112122
11211121112121222122111111122112221221221211111112222122122112111211111212121111
11121111111111112111221222111121111212221111221211112211121212121222221222221221
12121112211221111221112122122222212112221211221222122112232222122111212212222111
12211112312221212112131222211222211222112121221211111123121121122412112212221112
21122112121121112312121111221111211214221211211221121114111121221221122211221121
21321122111131111212112111111222122212121111121221212122121122211221211122221122
21112122111121221212121112212211211122212113221212123112111212121112221211222232
21111221111222211111222211221121211112212112121222221111111111122222121122122212
11212112211121122121221212122211112211222111111221212221121121221212111211111111
12112121211211212212112122121121221111111221212212121221112112112212211112121211
12211122112212211122121122221221111221121211121221112111111212112111122112211111
21222211222111112121221211112122121122112121111222112122212212212122121212122112
11221212211112212112212212211221122122122211212221212111232121221122212121111111
12221112211212121222111211122111211111112221231112112111221121222112212221222221
11212121112121122212212111122122211211221211111221212242221112112221211212211112
11212211121211211121121121212211111111211211112121212122221121121111211222211211
12221222111211112112111112111211222211122121222212111213221222221211212112111222
22111122112212212211222112212211111112121211212112221212212112221121221121212121
22212222121121122221111121221222232211211211122112112112111212212211121111112221
11212121131221112221111121212121221211122212211122222222121312211112222211112212
11121112112211221122212111122122121122221122121212231121212212212121221222111211
21111121221221121212212212212222123122111112222122111111322111111222212111121211
22221211121112111112222121122111221112122221221111111211112212221111221121111111
22212222212111111221212121211221111111121212122111111122211222112222121111122111
12222111222122122212122111111211122111222211112212112221211221211211312211121112
11111121221121112111111221222211321211111222112121222212111211112112111121112122
21112211111211212112211221211112211112212121111222223111112212212121112211112112
12211121221122211112111112211111121112122121121111121211122111221211112121111221
11212212222222212111111121222121111111122112121212212212222211121211221121111212
21212111212122222121112221121121212212122212111121211211211111212111121111111212
12122221112211112212111111111112121111112111211222122121221212221112122121221121
12121212221221221222221111222122121122121211111121212112212111212212111122122222
12121112221212122122222221121111121112111212222122211212221212222111112212122111
11112222122221211212222112121211111111121221212122122121212221212121222111212211
21112212121121212221122111211211111121112112222212212212121121111111221122212211
22111122111121212222221122112121212122112121111221212221212121111232211212111222
12211121112121121121211123211112221112212222121112211222122222122121212212121212
22122112122211112221121112111211112122111122211111121111212222122122111211121212
12221311221111111221112122112212312211122111112212212121111111221212122112121212
12121211112122221221222122211212122221112121223122411211112222112112122112121122
13122111122121121222111121212212212221121211212111112112112112211112211122421112
11122112111122222212222111224111212122212221122221111112222212111111221212212111
11111222121212111122112112121121112112112113122121223112111221112112121211121111
22211222222241221211111111211112111212112212222221211211212212121122121121221221
11112121111211111112112211121221111122121121221211111222211111122111111121211221
11121211122122212111112221112221121111112121112122212232222121111112222112112111
21211121212112121221212112111222112111122221111123111112212211112111112211112121
22211122211111211211121212222241121211211122122112112121122111122221122211211122
21222122212122122121112211111124221122111111112222221112111122221222122112112112
11311121221111112221211111121221111112222121112121222111221222121111222122112212
11212212212212211221212111211221111112122212111222211111111222112212221211121122
11111112222111121222112112222212221211111222222121121112112222122221222122222121
12222111211121242112211121211211222122221222211221221111111212112112211221121111
22112121112111211111112111222111122211221111111122121112111212212211221212111122
11221221121212111222112122121221221211112111112111211222222222122111111122112121
12222122122222212221122211111121121222112112112221212122211221112111121112112122
12122221211121211222212112122111131222112121112212311222112121121112121122112122
12212111211221111122212212122111121212112221212111111312221222121211321142211113
11221212111222222212211112122112121122111112111111122222221122112221222122111221
12212122131222121111221111121222211211211112121111211121111222212121222131211222
22111212122222211212111211112122112112122211211111111121211122112212212211222212
11122132112121122121111112122111211112111212211121111122221121112112111221222112
11111112212111211222321121112121122112112222122111221221212222112122112212222211
21111221213221111112111111221121121111211221222111111122212211112111241122211112
21211112121222221121211111121222121111221212222121224221222212112211112121112212
22222111212112221112221112214222121112212211112111121212222121111111112111121311
11121121121211211311211222111112112222122222112111211212211211122222112212211121
22112112211212222111111211222121122121111212121111122122111111112221212212111112
11311122111122122111121212122211212212211222111122111221221111122111221112121122
11122122211212122211112122112211211211121122112222111112112211211112111121221112
12212221211211221121221212121122221122122221211122111221212221232121212221221221
12211122212221222112221212112121211111112221111111222111122211221111122111221221
12221212121112111212122122221211222212121311211222222111311122111111211212112112
22221122121212212121221111122221311111211112111121212222122222122122221221124212
11121121112111122212222211111222112222222212412112211122221112222222222111122211
11121111121212111221241212111211212121111122111221212212121122122112121111212211
12211211121121121112221221111212111222211111212111111222111122222121112122122221
12112221121211211211221211123112231222222112111111112121112212111141111212111112
11122211122221111121212221221112112112211122212212221111221421122322112221121111
21212212111211121211121311122221222121211122211211121141112121222122112212112211
22112112112112111222112131221111111112122211111122222212111221212112221121212222
22212112221112121122212111111211211121112112212112211121122121222111211212212212
21112112112211121111222121122112111212211212121112121211112221222211112122112212
12121121212121112111113222111221222212111121111121221122211221221221111212221122
12112221212121121111112211221222111112121111112211111112111212111411121222112111
22211211212112212122211221211211112221121121222212112111142121112222223111222122
12212121122122122111212122211122212121222122112211122112211111221122212221112212
12111222211112222112111211212122111211112222111111111111111121211222212111221222
22222111211122211111211122211222221121212221111211121231222211221212122112212122
21211121221211212111211211111123121221212111212122211121121211211211212221221121
22211111122111222221112212221121222121112111121121111112112111121211211211121222
12211112111111211222112112112211222121212111221111212221111122111112221111222222
21112121111111111113121211212112211111111222111211121221111111111122111221212112
22221112122111211111121222222122221212112112411122112111122221211211111112112122
22112222111221112213122211211212111111212122222211122211212211222121221222121122
22122212121123221112221112111112212211111221122111231222221121222131112111212123
12211212121112221211122221122121211111122111112121122122212121222122121221122121
21211121212111121211122212112224112121112211212212211112212311122122121212121121
22111212221111221212121211122212112122121222122212222122121123111222111211222212
11121111111122141111212211222111211111112221121121111111111121111211221122112211
12322122222212222112121212121221222111112211121112223212112222222121122211122212
11211112122121112111121212123112111122221122111212111112221112112222222212111111
11221111212221111211121211111211212121122121212122222122112111222122111221221212
12222121212112223221111212121112222112121221122212222111211222211222112111222212
21221221221111111112121121111221113211111112111212121211211222222111112121111112
11221221132221211123221222111122211212121112221221112122212221222111112211211112
21111112131221121211212221122212211211122222111211221111112121121111122211111221
11122312222121112212111122121222121211222221111112122112212112121211121121121111
11111112211111121222111221211111122222211222121132221121121211211211122111211121
22212112222221111121211112223121122112211221122111212212211112121121111212112122
11112112111111111121122122121112111212212221212122111122211121222221111122111122
