# Quantenoptiklabor: Experiment Verschränkung: Analyse der Koinzidenzen bei unterschiedlichen Winkeln
# Messung vom 25.04.2008 
# Aufnahme von je 49 Datenpunkten bei den Polarisationswinkeln Alice und Bob 0-90° 
# Messzeit pro Datenpunkt: 10s 
# Der Datensatz aus dem Experiment kann z.B. zum Auswerten in Excel importiert werden

 
# Didaktik der Physik, Universität Erlangen



# MIT VERSCHRÄNKUNG:

# Achsenbeschriftung:
# Winkel WP A; Winkel WP B; ATBT; ARBR; ATBR; ARBT; Messzeit

# Alice und Bob Polarisation auf 0°
0,0;	0,0;	2369,0;	2270,0;	23,0;	20,0;	10,0
0,0;	0,0;	2296,0;	2230,0;	28,0;	19,0;	10,0
0,0;	0,0;	2308,0;	2276,0;	26,0;	15,0;	10,0
0,0;	0,0;	2356,0;	2232,0;	26,0;	14,0;	10,0
0,0;	0,0;	2335,0;	2258,0;	28,0;	20,0;	10,0
0,0;	0,0;	2318,0;	2268,0;	27,0;	16,0;	10,0
0,0;	0,0;	2290,0;	2312,0;	22,0;	16,0;	10,0
0,0;	0,0;	2309,0;	2309,0;	41,0;	19,0;	10,0
0,0;	0,0;	2392,0;	2289,0;	23,0;	14,0;	10,0
0,0;	0,0;	2329,0;	2271,0;	25,0;	11,0;	10,0
0,0;	0,0;	2370,0;	2287,0;	20,0;	14,0;	10,0
0,0;	0,0;	2361,0;	2325,0;	32,0;	21,0;	10,0
0,0;	0,0;	2320,0;	2306,0;	30,0;	18,0;	10,0
0,0;	0,0;	2350,0;	2200,0;	25,0;	21,0;	10,0
0,0;	0,0;	2325,0;	2224,0;	24,0;	15,0;	10,0
0,0;	0,0;	2328,0;	2278,0;	27,0;	21,0;	10,0
0,0;	0,0;	2349,0;	2319,0;	23,0;	11,0;	10,0
0,0;	0,0;	2340,0;	2268,0;	25,0;	24,0;	10,0
0,0;	0,0;	2369,0;	2291,0;	25,0;	19,0;	10,0
0,0;	0,0;	2303,0;	2286,0;	19,0;	14,0;	10,0
0,0;	0,0;	2269,0;	2305,0;	23,0;	9,0;	10,0
0,0;	0,0;	2351,0;	2307,0;	25,0;	22,0;	10,0
0,0;	0,0;	2326,0;	2229,0;	26,0;	23,0;	10,0
0,0;	0,0;	2345,0;	2273,0;	28,0;	21,0;	10,0
0,0;	0,0;	2346,0;	2244,0;	24,0;	14,0;	10,0
0,0;	0,0;	2337,0;	2283,0;	27,0;	15,0;	10,0
0,0;	0,0;	2366,0;	2193,0;	24,0;	20,0;	10,0
0,0;	0,0;	2424,0;	2224,0;	26,0;	16,0;	10,0
0,0;	0,0;	2278,0;	2323,0;	29,0;	16,0;	10,0
0,0;	0,0;	2313,0;	2238,0;	28,0;	14,0;	10,0
0,0;	0,0;	2338,0;	2295,0;	31,0;	23,0;	10,0
0,0;	0,0;	2300,0;	2357,0;	26,0;	23,0;	10,0
0,0;	0,0;	2398,0;	2288,0;	34,0;	19,0;	10,0
0,0;	0,0;	2364,0;	2262,0;	28,0;	17,0;	10,0
0,0;	0,0;	2249,0;	2332,0;	30,0;	13,0;	10,0
0,0;	0,0;	2322,0;	2284,0;	27,0;	19,0;	10,0
0,0;	0,0;	2340,0;	2224,0;	40,0;	14,0;	10,0
0,0;	0,0;	2346,0;	2271,0;	24,0;	14,0;	10,0
0,0;	0,0;	2387,0;	2308,0;	25,0;	11,0;	10,0
0,0;	0,0;	2282,0;	2350,0;	25,0;	20,0;	10,0
0,0;	0,0;	2235,0;	2318,0;	22,0;	22,0;	10,0
0,0;	0,0;	2429,0;	2272,0;	11,0;	29,0;	10,0
0,0;	0,0;	2297,0;	2300,0;	23,0;	14,0;	10,0
0,0;	0,0;	2357,0;	2233,0;	20,0;	15,0;	10,0
0,0;	0,0;	2419,0;	2286,0;	30,0;	17,0;	10,0
0,0;	0,0;	2395,0;	2241,0;	22,0;	13,0;	10,0
0,0;	0,0;	2342,0;	2285,0;	22,0;	23,0;	10,0
0,0;	0,0;	2378,0;	2241,0;	21,0;	19,0;	10,0
0,0;	0,0;	2297,0;	2262,0;	27,0;	21,0;	10,0
0,0;	0,0;	2347,0;	2271,0;	32,0;	19,0;	10,0

# Alice und Bob Polarisation auf 10°
5,0;	5,0;	2213,0;	2268,0;	37,0;	20,0;	10,0
5,0;	5,0;	2244,0;	2308,0;	26,0;	12,0;	10,0
5,0;	5,0;	2352,0;	2339,0;	39,0;	21,0;	10,0
5,0;	5,0;	2367,0;	2376,0;	36,0;	18,0;	10,0
5,0;	5,0;	2292,0;	2266,0;	41,0;	20,0;	10,0
5,0;	5,0;	2243,0;	2248,0;	29,0;	21,0;	10,0
5,0;	5,0;	2332,0;	2162,0;	30,0;	22,0;	10,0
5,0;	5,0;	2281,0;	2291,0;	31,0;	29,0;	10,0
5,0;	5,0;	2309,0;	2280,0;	35,0;	19,0;	10,0
5,0;	5,0;	2315,0;	2321,0;	35,0;	23,0;	10,0
5,0;	5,0;	2360,0;	2392,0;	37,0;	20,0;	10,0
5,0;	5,0;	2212,0;	2325,0;	43,0;	22,0;	10,0
5,0;	5,0;	2297,0;	2329,0;	45,0;	25,0;	10,0
5,0;	5,0;	2243,0;	2325,0;	32,0;	22,0;	10,0
5,0;	5,0;	2272,0;	2275,0;	36,0;	24,0;	10,0
5,0;	5,0;	2266,0;	2243,0;	38,0;	22,0;	10,0
5,0;	5,0;	2330,0;	2311,0;	37,0;	25,0;	10,0
5,0;	5,0;	2276,0;	2294,0;	30,0;	21,0;	10,0
5,0;	5,0;	2359,0;	2264,0;	27,0;	22,0;	10,0
5,0;	5,0;	2285,0;	2310,0;	40,0;	19,0;	10,0
5,0;	5,0;	2288,0;	2326,0;	43,0;	15,0;	10,0
5,0;	5,0;	2197,0;	2350,0;	34,0;	17,0;	10,0
5,0;	5,0;	2256,0;	2281,0;	38,0;	21,0;	10,0
5,0;	5,0;	2311,0;	2304,0;	32,0;	12,0;	10,0
5,0;	5,0;	2285,0;	2244,0;	32,0;	22,0;	10,0
5,0;	5,0;	2307,0;	2290,0;	39,0;	15,0;	10,0
5,0;	5,0;	2346,0;	2275,0;	40,0;	12,0;	10,0
5,0;	5,0;	2341,0;	2318,0;	35,0;	11,0;	10,0
5,0;	5,0;	2184,0;	2241,0;	30,0;	19,0;	10,0
5,0;	5,0;	2223,0;	2286,0;	26,0;	21,0;	10,0
5,0;	5,0;	2319,0;	2372,0;	35,0;	26,0;	10,0
5,0;	5,0;	2373,0;	2292,0;	29,0;	20,0;	10,0
5,0;	5,0;	2259,0;	2310,0;	36,0;	21,0;	10,0
5,0;	5,0;	2244,0;	2273,0;	39,0;	17,0;	10,0
5,0;	5,0;	2350,0;	2409,0;	31,0;	25,0;	10,0
5,0;	5,0;	2261,0;	2297,0;	37,0;	17,0;	10,0
5,0;	5,0;	2256,0;	2307,0;	29,0;	18,0;	10,0
5,0;	5,0;	2270,0;	2333,0;	28,0;	15,0;	10,0
5,0;	5,0;	2224,0;	2257,0;	36,0;	21,0;	10,0
5,0;	5,0;	2263,0;	2397,0;	32,0;	17,0;	10,0
5,0;	5,0;	2332,0;	2252,0;	43,0;	15,0;	10,0
5,0;	5,0;	2273,0;	2280,0;	46,0;	15,0;	10,0
5,0;	5,0;	2299,0;	2364,0;	25,0;	20,0;	10,0
5,0;	5,0;	2212,0;	2216,0;	37,0;	16,0;	10,0
5,0;	5,0;	2258,0;	2253,0;	32,0;	17,0;	10,0
5,0;	5,0;	2266,0;	2320,0;	37,0;	26,0;	10,0
5,0;	5,0;	2201,0;	2269,0;	35,0;	22,0;	10,0
5,0;	5,0;	2250,0;	2273,0;	47,0;	24,0;	10,0
5,0;	5,0;	2202,0;	2373,0;	43,0;	17,0;	10,0
5,0;	5,0;	2297,0;	2231,0;	42,0;	25,0;	10,0

# Alice und Bob Polarisation auf 20°
10,0;	10,0;	2261,0;	2415,0;	63,0;	33,0;	10,0
10,0;	10,0;	2186,0;	2303,0;	44,0;	22,0;	10,0
10,0;	10,0;	2275,0;	2345,0;	53,0;	29,0;	10,0
10,0;	10,0;	2201,0;	2262,0;	49,0;	24,0;	10,0
10,0;	10,0;	2252,0;	2338,0;	49,0;	36,0;	10,0
10,0;	10,0;	2198,0;	2289,0;	61,0;	19,0;	10,0
10,0;	10,0;	2227,0;	2433,0;	48,0;	31,0;	10,0
10,0;	10,0;	2225,0;	2277,0;	44,0;	21,0;	10,0
10,0;	10,0;	2266,0;	2299,0;	50,0;	31,0;	10,0
10,0;	10,0;	2244,0;	2271,0;	57,0;	23,0;	10,0
10,0;	10,0;	2267,0;	2281,0;	50,0;	34,0;	10,0
10,0;	10,0;	2209,0;	2348,0;	44,0;	31,0;	10,0
10,0;	10,0;	2203,0;	2290,0;	49,0;	18,0;	10,0
10,0;	10,0;	2370,0;	2366,0;	43,0;	34,0;	10,0
10,0;	10,0;	2291,0;	2325,0;	56,0;	24,0;	10,0
10,0;	10,0;	2218,0;	2333,0;	51,0;	25,0;	10,0
10,0;	10,0;	2130,0;	2271,0;	48,0;	24,0;	10,0
10,0;	10,0;	2282,0;	2312,0;	57,0;	16,0;	10,0
10,0;	10,0;	2282,0;	2361,0;	50,0;	23,0;	10,0
10,0;	10,0;	2190,0;	2301,0;	49,0;	29,0;	10,0
10,0;	10,0;	2307,0;	2395,0;	55,0;	26,0;	10,0
10,0;	10,0;	2250,0;	2307,0;	37,0;	29,0;	10,0
10,0;	10,0;	2344,0;	2352,0;	49,0;	23,0;	10,0
10,0;	10,0;	2279,0;	2259,0;	43,0;	15,0;	10,0
10,0;	10,0;	2228,0;	2293,0;	44,0;	32,0;	10,0
10,0;	10,0;	2330,0;	2224,0;	42,0;	18,0;	10,0
10,0;	10,0;	2258,0;	2240,0;	49,0;	11,0;	10,0
10,0;	10,0;	2226,0;	2373,0;	66,0;	25,0;	10,0
10,0;	10,0;	2334,0;	2299,0;	41,0;	25,0;	10,0
10,0;	10,0;	2225,0;	2292,0;	49,0;	29,0;	10,0
10,0;	10,0;	2268,0;	2274,0;	55,0;	37,0;	10,0
10,0;	10,0;	2262,0;	2260,0;	49,0;	23,0;	10,0
10,0;	10,0;	2270,0;	2333,0;	48,0;	28,0;	10,0
10,0;	10,0;	2232,0;	2256,0;	50,0;	23,0;	10,0
10,0;	10,0;	2249,0;	2239,0;	45,0;	23,0;	10,0
10,0;	10,0;	2266,0;	2350,0;	56,0;	20,0;	10,0
10,0;	10,0;	2217,0;	2290,0;	46,0;	16,0;	10,0
10,0;	10,0;	2156,0;	2266,0;	49,0;	24,0;	10,0
10,0;	10,0;	2281,0;	2227,0;	54,0;	26,0;	10,0
10,0;	10,0;	2264,0;	2371,0;	57,0;	27,0;	10,0
10,0;	10,0;	2285,0;	2265,0;	46,0;	25,0;	10,0
10,0;	10,0;	2228,0;	2298,0;	57,0;	16,0;	10,0
10,0;	10,0;	2250,0;	2141,0;	49,0;	29,0;	10,0
10,0;	10,0;	2242,0;	2271,0;	47,0;	25,0;	10,0
10,0;	10,0;	2159,0;	2265,0;	67,0;	23,0;	10,0
10,0;	10,0;	2196,0;	2294,0;	48,0;	23,0;	10,0
10,0;	10,0;	2272,0;	2313,0;	49,0;	22,0;	10,0
10,0;	10,0;	2268,0;	2249,0;	50,0;	22,0;	10,0
10,0;	10,0;	2255,0;	2332,0;	42,0;	26,0;	10,0
10,0;	10,0;	2228,0;	2246,0;	62,0;	19,0;	10,0

# Alice und Bob Polarisation auf 30°
15,0;	15,0;	2236,0;	2247,0;	55,0;	30,0;	10,0
15,0;	15,0;	2273,0;	2258,0;	82,0;	44,0;	10,0
15,0;	15,0;	2196,0;	2266,0;	84,0;	23,0;	10,0
15,0;	15,0;	2241,0;	2257,0;	63,0;	42,0;	10,0
15,0;	15,0;	2198,0;	2336,0;	83,0;	37,0;	10,0
15,0;	15,0;	2217,0;	2327,0;	56,0;	31,0;	10,0
15,0;	15,0;	2284,0;	2249,0;	62,0;	42,0;	10,0
15,0;	15,0;	2172,0;	2301,0;	84,0;	31,0;	10,0
15,0;	15,0;	2283,0;	2322,0;	71,0;	36,0;	10,0
15,0;	15,0;	2163,0;	2249,0;	68,0;	48,0;	10,0
15,0;	15,0;	2224,0;	2295,0;	71,0;	35,0;	10,0
15,0;	15,0;	2228,0;	2237,0;	60,0;	28,0;	10,0
15,0;	15,0;	2343,0;	2321,0;	63,0;	38,0;	10,0
15,0;	15,0;	2250,0;	2356,0;	70,0;	25,0;	10,0
15,0;	15,0;	2297,0;	2243,0;	60,0;	20,0;	10,0
15,0;	15,0;	2259,0;	2297,0;	63,0;	25,0;	10,0
15,0;	15,0;	2278,0;	2261,0;	67,0;	42,0;	10,0
15,0;	15,0;	2334,0;	2229,0;	60,0;	27,0;	10,0
15,0;	15,0;	2259,0;	2356,0;	76,0;	39,0;	10,0
15,0;	15,0;	2266,0;	2246,0;	70,0;	38,0;	10,0
15,0;	15,0;	2134,0;	2318,0;	66,0;	28,0;	10,0
15,0;	15,0;	2224,0;	2248,0;	61,0;	30,0;	10,0
15,0;	15,0;	2173,0;	2285,0;	62,0;	28,0;	10,0
15,0;	15,0;	2224,0;	2271,0;	51,0;	36,0;	10,0
15,0;	15,0;	2215,0;	2241,0;	63,0;	30,0;	10,0
15,0;	15,0;	2235,0;	2296,0;	61,0;	25,0;	10,0
15,0;	15,0;	2281,0;	2397,0;	63,0;	32,0;	10,0
15,0;	15,0;	2298,0;	2292,0;	68,0;	24,0;	10,0
15,0;	15,0;	2174,0;	2308,0;	65,0;	34,0;	10,0
15,0;	15,0;	2202,0;	2279,0;	70,0;	28,0;	10,0
15,0;	15,0;	2158,0;	2312,0;	66,0;	31,0;	10,0
15,0;	15,0;	2241,0;	2318,0;	59,0;	38,0;	10,0
15,0;	15,0;	2278,0;	2240,0;	63,0;	36,0;	10,0
15,0;	15,0;	2260,0;	2305,0;	68,0;	33,0;	10,0
15,0;	15,0;	2237,0;	2265,0;	63,0;	30,0;	10,0
15,0;	15,0;	2196,0;	2290,0;	74,0;	38,0;	10,0
15,0;	15,0;	2208,0;	2324,0;	61,0;	34,0;	10,0
15,0;	15,0;	2183,0;	2255,0;	58,0;	28,0;	10,0
15,0;	15,0;	2227,0;	2275,0;	64,0;	33,0;	10,0
15,0;	15,0;	2125,0;	2212,0;	70,0;	32,0;	10,0
15,0;	15,0;	2165,0;	2316,0;	63,0;	29,0;	10,0
15,0;	15,0;	2214,0;	2219,0;	69,0;	39,0;	10,0
15,0;	15,0;	2135,0;	2299,0;	70,0;	31,0;	10,0
15,0;	15,0;	2179,0;	2317,0;	82,0;	34,0;	10,0
15,0;	15,0;	2198,0;	2294,0;	78,0;	33,0;	10,0
15,0;	15,0;	2174,0;	2332,0;	51,0;	29,0;	10,0
15,0;	15,0;	2204,0;	2321,0;	51,0;	44,0;	10,0
15,0;	15,0;	2231,0;	2163,0;	63,0;	40,0;	10,0
15,0;	15,0;	2208,0;	2391,0;	49,0;	36,0;	10,0
15,0;	15,0;	2201,0;	2283,0;	59,0;	31,0;	10,0

# Alice und Bob Polarisation auf 40°
20,0;	20,0;	2109,0;	2351,0;	73,0;	41,0;	10,0
20,0;	20,0;	2229,0;	2236,0;	88,0;	39,0;	10,0
20,0;	20,0;	2224,0;	2378,0;	66,0;	33,0;	10,0
20,0;	20,0;	2236,0;	2254,0;	73,0;	44,0;	10,0
20,0;	20,0;	2237,0;	2243,0;	77,0;	38,0;	10,0
20,0;	20,0;	2234,0;	2300,0;	71,0;	30,0;	10,0
20,0;	20,0;	2236,0;	2302,0;	63,0;	37,0;	10,0
20,0;	20,0;	2281,0;	2335,0;	82,0;	45,0;	10,0
20,0;	20,0;	2232,0;	2238,0;	89,0;	41,0;	10,0
20,0;	20,0;	2225,0;	2329,0;	72,0;	55,0;	10,0
20,0;	20,0;	2199,0;	2284,0;	92,0;	43,0;	10,0
20,0;	20,0;	2115,0;	2237,0;	77,0;	43,0;	10,0
20,0;	20,0;	2275,0;	2209,0;	91,0;	32,0;	10,0
20,0;	20,0;	2307,0;	2286,0;	82,0;	42,0;	10,0
20,0;	20,0;	2251,0;	2232,0;	79,0;	41,0;	10,0
20,0;	20,0;	2152,0;	2324,0;	86,0;	33,0;	10,0
20,0;	20,0;	2237,0;	2340,0;	81,0;	47,0;	10,0
20,0;	20,0;	2204,0;	2167,0;	89,0;	37,0;	10,0
20,0;	20,0;	2211,0;	2339,0;	88,0;	42,0;	10,0
20,0;	20,0;	2203,0;	2357,0;	68,0;	47,0;	10,0
20,0;	20,0;	2272,0;	2252,0;	73,0;	42,0;	10,0
20,0;	20,0;	2162,0;	2285,0;	76,0;	42,0;	10,0
20,0;	20,0;	2202,0;	2313,0;	66,0;	30,0;	10,0
20,0;	20,0;	2285,0;	2252,0;	70,0;	40,0;	10,0
20,0;	20,0;	2233,0;	2388,0;	83,0;	50,0;	10,0
20,0;	20,0;	2232,0;	2318,0;	57,0;	39,0;	10,0
20,0;	20,0;	2232,0;	2261,0;	79,0;	35,0;	10,0
20,0;	20,0;	2288,0;	2278,0;	94,0;	43,0;	10,0
20,0;	20,0;	2274,0;	2314,0;	66,0;	35,0;	10,0
20,0;	20,0;	2183,0;	2197,0;	64,0;	41,0;	10,0
20,0;	20,0;	2192,0;	2306,0;	89,0;	37,0;	10,0
20,0;	20,0;	2198,0;	2272,0;	81,0;	42,0;	10,0
20,0;	20,0;	2180,0;	2260,0;	88,0;	38,0;	10,0
20,0;	20,0;	2135,0;	2214,0;	68,0;	25,0;	10,0
20,0;	20,0;	2198,0;	2317,0;	69,0;	46,0;	10,0
20,0;	20,0;	2329,0;	2210,0;	91,0;	43,0;	10,0
20,0;	20,0;	2219,0;	2372,0;	82,0;	37,0;	10,0
20,0;	20,0;	2264,0;	2281,0;	77,0;	21,0;	10,0
20,0;	20,0;	2280,0;	2307,0;	69,0;	33,0;	10,0
20,0;	20,0;	2274,0;	2276,0;	76,0;	54,0;	10,0
20,0;	20,0;	2170,0;	2220,0;	80,0;	38,0;	10,0
20,0;	20,0;	2234,0;	2172,0;	63,0;	36,0;	10,0
20,0;	20,0;	2200,0;	2264,0;	76,0;	45,0;	10,0
20,0;	20,0;	2124,0;	2183,0;	73,0;	47,0;	10,0
20,0;	20,0;	2303,0;	2266,0;	89,0;	42,0;	10,0
20,0;	20,0;	2214,0;	2169,0;	86,0;	37,0;	10,0
20,0;	20,0;	2165,0;	2312,0;	86,0;	47,0;	10,0
20,0;	20,0;	2192,0;	2256,0;	76,0;	32,0;	10,0
20,0;	20,0;	2205,0;	2231,0;	68,0;	30,0;	10,0
20,0;	20,0;	2204,0;	2323,0;	73,0;	44,0;	10,0

# Alice und Bob Polarisation auf 45°
22,5;	22,5;	2302,0;	2203,0;	84,0;	43,0;	10,0
22,5;	22,5;	2262,0;	2229,0;	78,0;	50,0;	10,0
22,5;	22,5;	2269,0;	2263,0;	91,0;	44,0;	10,0
22,5;	22,5;	2188,0;	2238,0;	96,0;	46,0;	10,0
22,5;	22,5;	2158,0;	2188,0;	76,0;	50,0;	10,0
22,5;	22,5;	2270,0;	2209,0;	79,0;	42,0;	10,0
22,5;	22,5;	2174,0;	2293,0;	94,0;	45,0;	10,0
22,5;	22,5;	2160,0;	2226,0;	79,0;	47,0;	10,0
22,5;	22,5;	2306,0;	2211,0;	85,0;	43,0;	10,0
22,5;	22,5;	2305,0;	2232,0;	77,0;	45,0;	10,0
22,5;	22,5;	2257,0;	2164,0;	78,0;	38,0;	10,0
22,5;	22,5;	2209,0;	2231,0;	75,0;	33,0;	10,0
22,5;	22,5;	2253,0;	2184,0;	79,0;	46,0;	10,0
22,5;	22,5;	2263,0;	2320,0;	75,0;	36,0;	10,0
22,5;	22,5;	2260,0;	2335,0;	81,0;	39,0;	10,0
22,5;	22,5;	2272,0;	2178,0;	83,0;	48,0;	10,0
22,5;	22,5;	2227,0;	2224,0;	82,0;	45,0;	10,0
22,5;	22,5;	2175,0;	2172,0;	91,0;	48,0;	10,0
22,5;	22,5;	2219,0;	2191,0;	79,0;	36,0;	10,0
22,5;	22,5;	2265,0;	2237,0;	89,0;	43,0;	10,0
22,5;	22,5;	2168,0;	2294,0;	81,0;	62,0;	10,0
22,5;	22,5;	2161,0;	2280,0;	65,0;	33,0;	10,0
22,5;	22,5;	2235,0;	2243,0;	93,0;	50,0;	10,0
22,5;	22,5;	2256,0;	2163,0;	88,0;	39,0;	10,0
22,5;	22,5;	2260,0;	2237,0;	93,0;	40,0;	10,0
22,5;	22,5;	2207,0;	2314,0;	88,0;	47,0;	10,0
22,5;	22,5;	2199,0;	2252,0;	97,0;	53,0;	10,0
22,5;	22,5;	2305,0;	2216,0;	86,0;	43,0;	10,0
22,5;	22,5;	2198,0;	2202,0;	77,0;	40,0;	10,0
22,5;	22,5;	2314,0;	2248,0;	72,0;	44,0;	10,0
22,5;	22,5;	2169,0;	2293,0;	100,0;	40,0;	10,0
22,5;	22,5;	2157,0;	2201,0;	92,0;	55,0;	10,0
22,5;	22,5;	2300,0;	2242,0;	94,0;	47,0;	10,0
22,5;	22,5;	2202,0;	2207,0;	94,0;	54,0;	10,0
22,5;	22,5;	2195,0;	2241,0;	80,0;	41,0;	10,0
22,5;	22,5;	2297,0;	2177,0;	61,0;	56,0;	10,0
22,5;	22,5;	2214,0;	2205,0;	93,0;	55,0;	10,0
22,5;	22,5;	2239,0;	2265,0;	85,0;	43,0;	10,0
22,5;	22,5;	2263,0;	2234,0;	79,0;	44,0;	10,0
22,5;	22,5;	2206,0;	2231,0;	86,0;	44,0;	10,0
22,5;	22,5;	2211,0;	2285,0;	79,0;	33,0;	10,0
22,5;	22,5;	2281,0;	2239,0;	92,0;	49,0;	10,0
22,5;	22,5;	2229,0;	2294,0;	90,0;	42,0;	10,0
22,5;	22,5;	2186,0;	2152,0;	96,0;	31,0;	10,0
22,5;	22,5;	2337,0;	2235,0;	74,0;	43,0;	10,0
22,5;	22,5;	2318,0;	2201,0;	85,0;	41,0;	10,0
22,5;	22,5;	2272,0;	2182,0;	94,0;	42,0;	10,0
22,5;	22,5;	2093,0;	2282,0;	82,0;	65,0;	10,0
22,5;	22,5;	2217,0;	2225,0;	87,0;	50,0;	10,0

# Alice und Bob Polarisation auf 50°
25,0;	25,0;	2265,0;	2294,0;	79,0;	35,0;	10,0
25,0;	25,0;	2278,0;	2208,0;	89,0;	27,0;	10,0
25,0;	25,0;	2271,0;	2191,0;	86,0;	39,0;	10,0
25,0;	25,0;	2301,0;	2309,0;	75,0;	52,0;	10,0
25,0;	25,0;	2207,0;	2179,0;	81,0;	33,0;	10,0
25,0;	25,0;	2272,0;	2196,0;	77,0;	40,0;	10,0
25,0;	25,0;	2317,0;	2232,0;	87,0;	48,0;	10,0
25,0;	25,0;	2223,0;	2226,0;	91,0;	40,0;	10,0
25,0;	25,0;	2267,0;	2259,0;	91,0;	35,0;	10,0
25,0;	25,0;	2231,0;	2237,0;	80,0;	48,0;	10,0
25,0;	25,0;	2318,0;	2258,0;	82,0;	34,0;	10,0
25,0;	25,0;	2300,0;	2203,0;	101,0;	42,0;	10,0
25,0;	25,0;	2258,0;	2216,0;	68,0;	42,0;	10,0
25,0;	25,0;	2292,0;	2141,0;	74,0;	39,0;	10,0
25,0;	25,0;	2275,0;	2253,0;	85,0;	49,0;	10,0
25,0;	25,0;	2296,0;	2269,0;	67,0;	50,0;	10,0
25,0;	25,0;	2268,0;	2320,0;	77,0;	50,0;	10,0
25,0;	25,0;	2326,0;	2182,0;	85,0;	37,0;	10,0
25,0;	25,0;	2285,0;	2250,0;	96,0;	41,0;	10,0
25,0;	25,0;	2256,0;	2219,0;	74,0;	44,0;	10,0
25,0;	25,0;	2275,0;	2318,0;	86,0;	39,0;	10,0
25,0;	25,0;	2309,0;	2228,0;	95,0;	28,0;	10,0
25,0;	25,0;	2288,0;	2153,0;	97,0;	30,0;	10,0
25,0;	25,0;	2218,0;	2211,0;	70,0;	42,0;	10,0
25,0;	25,0;	2298,0;	2247,0;	100,0;	35,0;	10,0
25,0;	25,0;	2178,0;	2309,0;	88,0;	44,0;	10,0
25,0;	25,0;	2243,0;	2208,0;	79,0;	24,0;	10,0
25,0;	25,0;	2215,0;	2247,0;	83,0;	40,0;	10,0
25,0;	25,0;	2256,0;	2143,0;	93,0;	34,0;	10,0
25,0;	25,0;	2297,0;	2195,0;	66,0;	44,0;	10,0
25,0;	25,0;	2247,0;	2210,0;	67,0;	54,0;	10,0
25,0;	25,0;	2288,0;	2305,0;	76,0;	38,0;	10,0
25,0;	25,0;	2260,0;	2261,0;	77,0;	37,0;	10,0
25,0;	25,0;	2294,0;	2233,0;	89,0;	43,0;	10,0
25,0;	25,0;	2256,0;	2186,0;	83,0;	55,0;	10,0
25,0;	25,0;	2298,0;	2246,0;	68,0;	33,0;	10,0
25,0;	25,0;	2334,0;	2212,0;	71,0;	32,0;	10,0
25,0;	25,0;	2235,0;	2273,0;	84,0;	51,0;	10,0
25,0;	25,0;	2154,0;	2219,0;	72,0;	44,0;	10,0
25,0;	25,0;	2331,0;	2205,0;	99,0;	42,0;	10,0
25,0;	25,0;	2160,0;	2225,0;	96,0;	57,0;	10,0
25,0;	25,0;	2282,0;	2307,0;	71,0;	46,0;	10,0
25,0;	25,0;	2280,0;	2143,0;	84,0;	33,0;	10,0
25,0;	25,0;	2285,0;	2278,0;	89,0;	34,0;	10,0
25,0;	25,0;	2262,0;	2261,0;	81,0;	36,0;	10,0
25,0;	25,0;	2253,0;	2276,0;	76,0;	42,0;	10,0
25,0;	25,0;	2277,0;	2128,0;	68,0;	36,0;	10,0
25,0;	25,0;	2229,0;	2214,0;	89,0;	34,0;	10,0
25,0;	25,0;	2276,0;	2188,0;	82,0;	39,0;	10,0
25,0;	25,0;	2283,0;	2210,0;	70,0;	32,0;	10,0

# Alice und Bob Polarisation auf 60°
30,0;	30,0;	2239,0;	2196,0;	71,0;	33,0;	10,0
30,0;	30,0;	2364,0;	2182,0;	75,0;	39,0;	10,0
30,0;	30,0;	2376,0;	2145,0;	61,0;	28,0;	10,0
30,0;	30,0;	2432,0;	2266,0;	82,0;	40,0;	10,0
30,0;	30,0;	2299,0;	2117,0;	72,0;	44,0;	10,0
30,0;	30,0;	2291,0;	2246,0;	77,0;	41,0;	10,0
30,0;	30,0;	2368,0;	2179,0;	72,0;	35,0;	10,0
30,0;	30,0;	2302,0;	2226,0;	78,0;	26,0;	10,0
30,0;	30,0;	2388,0;	2237,0;	71,0;	34,0;	10,0
30,0;	30,0;	2372,0;	2139,0;	72,0;	27,0;	10,0
30,0;	30,0;	2302,0;	2208,0;	84,0;	33,0;	10,0
30,0;	30,0;	2319,0;	2106,0;	69,0;	38,0;	10,0
30,0;	30,0;	2320,0;	2117,0;	65,0;	48,0;	10,0
30,0;	30,0;	2291,0;	2134,0;	64,0;	40,0;	10,0
30,0;	30,0;	2257,0;	2208,0;	81,0;	32,0;	10,0
30,0;	30,0;	2415,0;	2252,0;	70,0;	35,0;	10,0
30,0;	30,0;	2408,0;	2247,0;	64,0;	29,0;	10,0
30,0;	30,0;	2415,0;	2265,0;	80,0;	42,0;	10,0
30,0;	30,0;	2388,0;	2289,0;	72,0;	45,0;	10,0
30,0;	30,0;	2358,0;	2205,0;	79,0;	35,0;	10,0
30,0;	30,0;	2300,0;	2216,0;	79,0;	33,0;	10,0
30,0;	30,0;	2412,0;	2142,0;	60,0;	23,0;	10,0
30,0;	30,0;	2283,0;	2260,0;	61,0;	37,0;	10,0
30,0;	30,0;	2313,0;	2135,0;	72,0;	37,0;	10,0
30,0;	30,0;	2322,0;	2195,0;	68,0;	31,0;	10,0
30,0;	30,0;	2359,0;	2164,0;	58,0;	48,0;	10,0
30,0;	30,0;	2318,0;	2136,0;	65,0;	40,0;	10,0
30,0;	30,0;	2248,0;	2139,0;	69,0;	34,0;	10,0
30,0;	30,0;	2284,0;	2220,0;	82,0;	38,0;	10,0
30,0;	30,0;	2275,0;	2264,0;	65,0;	27,0;	10,0
30,0;	30,0;	2274,0;	2137,0;	62,0;	44,0;	10,0
30,0;	30,0;	2406,0;	2243,0;	65,0;	30,0;	10,0
30,0;	30,0;	2369,0;	2270,0;	71,0;	26,0;	10,0
30,0;	30,0;	2291,0;	2157,0;	67,0;	29,0;	10,0
30,0;	30,0;	2352,0;	2249,0;	73,0;	34,0;	10,0
30,0;	30,0;	2345,0;	2143,0;	68,0;	32,0;	10,0
30,0;	30,0;	2334,0;	2195,0;	80,0;	40,0;	10,0
30,0;	30,0;	2297,0;	2210,0;	77,0;	32,0;	10,0
30,0;	30,0;	2321,0;	2228,0;	58,0;	36,0;	10,0
30,0;	30,0;	2369,0;	2125,0;	68,0;	40,0;	10,0
30,0;	30,0;	2285,0;	2193,0;	74,0;	26,0;	10,0
30,0;	30,0;	2338,0;	2144,0;	71,0;	39,0;	10,0
30,0;	30,0;	2323,0;	2186,0;	72,0;	29,0;	10,0
30,0;	30,0;	2325,0;	2105,0;	82,0;	30,0;	10,0
30,0;	30,0;	2330,0;	2239,0;	78,0;	34,0;	10,0
30,0;	30,0;	2404,0;	2202,0;	67,0;	37,0;	10,0
30,0;	30,0;	2284,0;	2205,0;	60,0;	28,0;	10,0
30,0;	30,0;	2272,0;	2141,0;	83,0;	35,0;	10,0
30,0;	30,0;	2234,0;	2193,0;	64,0;	31,0;	10,0
30,0;	30,0;	2317,0;	2211,0;	81,0;	38,0;	10,0

# Alice und Bob Polarisation auf 70°
35,0;	35,0;	2381,0;	2145,0;	69,0;	23,0;	10,0
35,0;	35,0;	2391,0;	2137,0;	60,0;	18,0;	10,0
35,0;	35,0;	2335,0;	2180,0;	59,0;	24,0;	10,0
35,0;	35,0;	2417,0;	2047,0;	63,0;	17,0;	10,0
35,0;	35,0;	2354,0;	2165,0;	58,0;	23,0;	10,0
35,0;	35,0;	2487,0;	2102,0;	40,0;	27,0;	10,0
35,0;	35,0;	2499,0;	2122,0;	50,0;	15,0;	10,0
35,0;	35,0;	2479,0;	2183,0;	66,0;	24,0;	10,0
35,0;	35,0;	2452,0;	2218,0;	56,0;	23,0;	10,0
35,0;	35,0;	2450,0;	2168,0;	57,0;	14,0;	10,0
35,0;	35,0;	2381,0;	2164,0;	54,0;	24,0;	10,0
35,0;	35,0;	2387,0;	2100,0;	51,0;	30,0;	10,0
35,0;	35,0;	2383,0;	2147,0;	58,0;	14,0;	10,0
35,0;	35,0;	2424,0;	2196,0;	46,0;	30,0;	10,0
35,0;	35,0;	2391,0;	2125,0;	54,0;	23,0;	10,0
35,0;	35,0;	2382,0;	2140,0;	71,0;	18,0;	10,0
35,0;	35,0;	2468,0;	2098,0;	65,0;	21,0;	10,0
35,0;	35,0;	2473,0;	2108,0;	53,0;	15,0;	10,0
35,0;	35,0;	2355,0;	2160,0;	64,0;	22,0;	10,0
35,0;	35,0;	2432,0;	2067,0;	53,0;	20,0;	10,0
35,0;	35,0;	2355,0;	2124,0;	43,0;	19,0;	10,0
35,0;	35,0;	2465,0;	2128,0;	66,0;	25,0;	10,0
35,0;	35,0;	2435,0;	2221,0;	66,0;	30,0;	10,0
35,0;	35,0;	2382,0;	2192,0;	52,0;	26,0;	10,0
35,0;	35,0;	2386,0;	2077,0;	68,0;	24,0;	10,0
35,0;	35,0;	2429,0;	2129,0;	59,0;	12,0;	10,0
35,0;	35,0;	2449,0;	2195,0;	70,0;	17,0;	10,0
35,0;	35,0;	2310,0;	2214,0;	54,0;	18,0;	10,0
35,0;	35,0;	2426,0;	2110,0;	55,0;	20,0;	10,0
35,0;	35,0;	2371,0;	2212,0;	69,0;	26,0;	10,0
35,0;	35,0;	2503,0;	2186,0;	71,0;	30,0;	10,0
35,0;	35,0;	2407,0;	2140,0;	64,0;	23,0;	10,0
35,0;	35,0;	2375,0;	2109,0;	55,0;	24,0;	10,0
35,0;	35,0;	2400,0;	2143,0;	61,0;	29,0;	10,0
35,0;	35,0;	2470,0;	2100,0;	55,0;	20,0;	10,0
35,0;	35,0;	2506,0;	2116,0;	53,0;	29,0;	10,0
35,0;	35,0;	2467,0;	2128,0;	68,0;	23,0;	10,0
35,0;	35,0;	2426,0;	2207,0;	58,0;	22,0;	10,0
35,0;	35,0;	2322,0;	2150,0;	62,0;	18,0;	10,0
35,0;	35,0;	2378,0;	2126,0;	57,0;	14,0;	10,0
35,0;	35,0;	2390,0;	1994,0;	52,0;	27,0;	10,0
35,0;	35,0;	2429,0;	2211,0;	72,0;	22,0;	10,0
35,0;	35,0;	2412,0;	2085,0;	70,0;	19,0;	10,0
35,0;	35,0;	2405,0;	2165,0;	58,0;	29,0;	10,0
35,0;	35,0;	2402,0;	2197,0;	59,0;	26,0;	10,0
35,0;	35,0;	2404,0;	2178,0;	59,0;	23,0;	10,0
35,0;	35,0;	2431,0;	2167,0;	60,0;	25,0;	10,0
35,0;	35,0;	2366,0;	2100,0;	57,0;	19,0;	10,0
35,0;	35,0;	2386,0;	2139,0;	55,0;	19,0;	10,0
35,0;	35,0;	2361,0;	2190,0;	60,0;	18,0;	10,0

# Alice und Bob Polarisation auf 80°
40,0;	40,0;	2604,0;	2155,0;	47,0;	21,0;	10,0
40,0;	40,0;	2558,0;	2112,0;	45,0;	14,0;	10,0
40,0;	40,0;	2448,0;	2113,0;	45,0;	13,0;	10,0
40,0;	40,0;	2497,0;	2175,0;	45,0;	15,0;	10,0
40,0;	40,0;	2463,0;	2143,0;	48,0;	10,0;	10,0
40,0;	40,0;	2539,0;	2045,0;	36,0;	15,0;	10,0
40,0;	40,0;	2433,0;	2070,0;	39,0;	16,0;	10,0
40,0;	40,0;	2471,0;	2074,0;	35,0;	18,0;	10,0
40,0;	40,0;	2420,0;	2120,0;	41,0;	9,0;	10,0
40,0;	40,0;	2564,0;	2106,0;	46,0;	6,0;	10,0
40,0;	40,0;	2535,0;	2221,0;	49,0;	12,0;	10,0
40,0;	40,0;	2521,0;	2118,0;	42,0;	18,0;	10,0
40,0;	40,0;	2538,0;	2146,0;	38,0;	21,0;	10,0
40,0;	40,0;	2380,0;	2076,0;	39,0;	18,0;	10,0
40,0;	40,0;	2441,0;	2122,0;	37,0;	12,0;	10,0
40,0;	40,0;	2434,0;	2122,0;	55,0;	12,0;	10,0
40,0;	40,0;	2531,0;	2083,0;	48,0;	9,0;	10,0
40,0;	40,0;	2511,0;	2115,0;	51,0;	10,0;	10,0
40,0;	40,0;	2408,0;	2078,0;	43,0;	18,0;	10,0
40,0;	40,0;	2483,0;	2065,0;	55,0;	10,0;	10,0
40,0;	40,0;	2463,0;	2092,0;	48,0;	11,0;	10,0
40,0;	40,0;	2551,0;	2102,0;	46,0;	17,0;	10,0
40,0;	40,0;	2390,0;	2150,0;	41,0;	12,0;	10,0
40,0;	40,0;	2569,0;	1947,0;	42,0;	22,0;	10,0
40,0;	40,0;	2498,0;	2233,0;	35,0;	16,0;	10,0
40,0;	40,0;	2503,0;	2189,0;	43,0;	8,0;	10,0
40,0;	40,0;	2450,0;	2098,0;	48,0;	17,0;	10,0
40,0;	40,0;	2546,0;	2087,0;	44,0;	14,0;	10,0
40,0;	40,0;	2464,0;	2129,0;	44,0;	16,0;	10,0
40,0;	40,0;	2496,0;	2111,0;	43,0;	15,0;	10,0
40,0;	40,0;	2526,0;	2110,0;	49,0;	10,0;	10,0
40,0;	40,0;	2447,0;	2137,0;	47,0;	21,0;	10,0
40,0;	40,0;	2393,0;	2093,0;	46,0;	15,0;	10,0
40,0;	40,0;	2498,0;	2171,0;	55,0;	14,0;	10,0
40,0;	40,0;	2601,0;	2087,0;	40,0;	17,0;	10,0
40,0;	40,0;	2508,0;	2091,0;	40,0;	15,0;	10,0
40,0;	40,0;	2431,0;	2120,0;	45,0;	11,0;	10,0
40,0;	40,0;	2415,0;	2055,0;	44,0;	15,0;	10,0
40,0;	40,0;	2504,0;	2059,0;	47,0;	17,0;	10,0
40,0;	40,0;	2550,0;	2070,0;	53,0;	16,0;	10,0
40,0;	40,0;	2478,0;	2052,0;	45,0;	17,0;	10,0
40,0;	40,0;	2428,0;	2094,0;	43,0;	16,0;	10,0
40,0;	40,0;	2452,0;	2157,0;	44,0;	14,0;	10,0
40,0;	40,0;	2520,0;	2089,0;	46,0;	10,0;	10,0
40,0;	40,0;	2431,0;	2206,0;	43,0;	11,0;	10,0
40,0;	40,0;	2516,0;	2191,0;	55,0;	10,0;	10,0
40,0;	40,0;	2487,0;	2085,0;	53,0;	13,0;	10,0
40,0;	40,0;	2439,0;	2118,0;	39,0;	11,0;	10,0
40,0;	40,0;	2506,0;	2056,0;	46,0;	21,0;	10,0
40,0;	40,0;	2460,0;	2036,0;	36,0;	21,0;	10,0

# Alice und Bob Polarisation auf 90°
45,0;	45,0;	2546,0;	2089,0;	42,0;	8,0;	10,0
45,0;	45,0;	2499,0;	2008,0;	39,0;	8,0;	10,0
45,0;	45,0;	2492,0;	2159,0;	47,0;	8,0;	10,0
45,0;	45,0;	2605,0;	2050,0;	44,0;	18,0;	10,0
45,0;	45,0;	2553,0;	2084,0;	30,0;	14,0;	10,0
45,0;	45,0;	2661,0;	2048,0;	40,0;	7,0;	10,0
45,0;	45,0;	2477,0;	2009,0;	37,0;	7,0;	10,0
45,0;	45,0;	2494,0;	2091,0;	44,0;	9,0;	10,0
45,0;	45,0;	2501,0;	2080,0;	37,0;	8,0;	10,0
45,0;	45,0;	2513,0;	2016,0;	41,0;	13,0;	10,0
45,0;	45,0;	2594,0;	2113,0;	33,0;	16,0;	10,0
45,0;	45,0;	2629,0;	2022,0;	36,0;	7,0;	10,0
45,0;	45,0;	2446,0;	1980,0;	30,0;	16,0;	10,0
45,0;	45,0;	2526,0;	2011,0;	48,0;	11,0;	10,0
45,0;	45,0;	2629,0;	2081,0;	44,0;	10,0;	10,0
45,0;	45,0;	2538,0;	2091,0;	44,0;	10,0;	10,0
45,0;	45,0;	2594,0;	2056,0;	33,0;	14,0;	10,0
45,0;	45,0;	2635,0;	2044,0;	41,0;	9,0;	10,0
45,0;	45,0;	2484,0;	2106,0;	33,0;	16,0;	10,0
45,0;	45,0;	2552,0;	2090,0;	40,0;	13,0;	10,0
45,0;	45,0;	2519,0;	2103,0;	36,0;	9,0;	10,0
45,0;	45,0;	2564,0;	2042,0;	45,0;	9,0;	10,0
45,0;	45,0;	2528,0;	2034,0;	39,0;	8,0;	10,0
45,0;	45,0;	2558,0;	2098,0;	26,0;	16,0;	10,0
45,0;	45,0;	2548,0;	2084,0;	43,0;	12,0;	10,0
45,0;	45,0;	2597,0;	2029,0;	48,0;	9,0;	10,0
45,0;	45,0;	2624,0;	2067,0;	29,0;	14,0;	10,0
45,0;	45,0;	2516,0;	2032,0;	38,0;	10,0;	10,0
45,0;	45,0;	2523,0;	2103,0;	37,0;	7,0;	10,0
45,0;	45,0;	2588,0;	2030,0;	38,0;	6,0;	10,0
45,0;	45,0;	2610,0;	2011,0;	47,0;	13,0;	10,0
45,0;	45,0;	2537,0;	2077,0;	32,0;	14,0;	10,0
45,0;	45,0;	2703,0;	2011,0;	32,0;	8,0;	10,0
45,0;	45,0;	2630,0;	2064,0;	34,0;	10,0;	10,0
45,0;	45,0;	2517,0;	2132,0;	26,0;	13,0;	10,0
45,0;	45,0;	2569,0;	2051,0;	44,0;	10,0;	10,0
45,0;	45,0;	2641,0;	2036,0;	42,0;	14,0;	10,0
45,0;	45,0;	2523,0;	2116,0;	41,0;	11,0;	10,0
45,0;	45,0;	2559,0;	2054,0;	35,0;	11,0;	10,0
45,0;	45,0;	2547,0;	2015,0;	35,0;	13,0;	10,0
45,0;	45,0;	2524,0;	2018,0;	29,0;	14,0;	10,0
45,0;	45,0;	2488,0;	2095,0;	29,0;	11,0;	10,0
45,0;	45,0;	2529,0;	2016,0;	34,0;	8,0;	10,0
45,0;	45,0;	2500,0;	2028,0;	41,0;	13,0;	10,0
45,0;	45,0;	2472,0;	2096,0;	25,0;	10,0;	10,0
45,0;	45,0;	2568,0;	2068,0;	43,0;	7,0;	10,0
45,0;	45,0;	2587,0;	2075,0;	36,0;	7,0;	10,0
45,0;	45,0;	2510,0;	2096,0;	48,0;	9,0;	10,0
45,0;	45,0;	2615,0;	2152,0;	37,0;	10,0;	10,0
45,0;	45,0;	2558,0;	2095,0;	53,0;	13,0;	10,0


# OHNE VERSCHRÄNKUNG:

# Achsenbeschriftung:
# Winkel WP A; Winkel WP B; ATBT; ARBR; ATBR; ARBT; Messzeit

# Alice und Bob Polarisation auf 0°
0,0;	0,0;	4926,0;	1,0;	44,0;	12,0;	10,0
0,0;	0,0;	4961,0;	3,0;	50,0;	23,0;	10,0
0,0;	0,0;	4928,0;	6,0;	57,0;	15,0;	10,0
0,0;	0,0;	4860,0;	7,0;	45,0;	18,0;	10,0
0,0;	0,0;	4805,0;	2,0;	44,0;	21,0;	10,0
0,0;	0,0;	4984,0;	2,0;	49,0;	17,0;	10,0
0,0;	0,0;	4924,0;	1,0;	52,0;	19,0;	10,0
0,0;	0,0;	5005,0;	3,0;	52,0;	16,0;	10,0
0,0;	0,0;	4980,0;	7,0;	52,0;	19,0;	10,0
0,0;	0,0;	5046,0;	5,0;	53,0;	25,0;	10,0
0,0;	0,0;	4882,0;	3,0;	44,0;	16,0;	10,0
0,0;	0,0;	4907,0;	4,0;	44,0;	17,0;	10,0
0,0;	0,0;	4950,0;	5,0;	59,0;	19,0;	10,0
0,0;	0,0;	4960,0;	2,0;	48,0;	10,0;	10,0
0,0;	0,0;	4941,0;	5,0;	54,0;	20,0;	10,0
0,0;	0,0;	4843,0;	3,0;	44,0;	26,0;	10,0
0,0;	0,0;	4841,0;	2,0;	50,0;	19,0;	10,0
0,0;	0,0;	4977,0;	3,0;	48,0;	14,0;	10,0
0,0;	0,0;	4867,0;	1,0;	47,0;	18,0;	10,0
0,0;	0,0;	4786,0;	3,0;	41,0;	23,0;	10,0
0,0;	0,0;	5007,0;	5,0;	43,0;	14,0;	10,0
0,0;	0,0;	4880,0;	3,0;	47,0;	16,0;	10,0
0,0;	0,0;	4859,0;	4,0;	42,0;	16,0;	10,0
0,0;	0,0;	4950,0;	4,0;	45,0;	27,0;	10,0
0,0;	0,0;	5023,0;	2,0;	46,0;	32,0;	10,0
0,0;	0,0;	4877,0;	2,0;	44,0;	14,0;	10,0
0,0;	0,0;	5006,0;	6,0;	53,0;	24,0;	10,0
0,0;	0,0;	4946,0;	4,0;	50,0;	13,0;	10,0
0,0;	0,0;	5088,0;	2,0;	36,0;	18,0;	10,0
0,0;	0,0;	5017,0;	4,0;	46,0;	20,0;	10,0
0,0;	0,0;	4936,0;	3,0;	48,0;	23,0;	10,0
0,0;	0,0;	4936,0;	2,0;	44,0;	19,0;	10,0
0,0;	0,0;	4964,0;	4,0;	52,0;	23,0;	10,0
0,0;	0,0;	5010,0;	3,0;	49,0;	19,0;	10,0
0,0;	0,0;	4821,0;	4,0;	54,0;	15,0;	10,0
0,0;	0,0;	4945,0;	5,0;	39,0;	25,0;	10,0
0,0;	0,0;	4906,0;	5,0;	55,0;	22,0;	10,0
0,0;	0,0;	4891,0;	5,0;	55,0;	12,0;	10,0
0,0;	0,0;	4901,0;	3,0;	52,0;	17,0;	10,0
0,0;	0,0;	4883,0;	5,0;	59,0;	19,0;	10,0
0,0;	0,0;	5022,0;	1,0;	54,0;	12,0;	10,0
0,0;	0,0;	4969,0;	4,0;	52,0;	21,0;	10,0
0,0;	0,0;	4833,0;	5,0;	47,0;	12,0;	10,0
0,0;	0,0;	5107,0;	5,0;	47,0;	14,0;	10,0
0,0;	0,0;	4966,0;	2,0;	39,0;	31,0;	10,0
0,0;	0,0;	4908,0;	4,0;	50,0;	14,0;	10,0
0,0;	0,0;	4986,0;	3,0;	42,0;	16,0;	10,0
0,0;	0,0;	4904,0;	2,0;	49,0;	16,0;	10,0
0,0;	0,0;	5000,0;	1,0;	40,0;	17,0;	10,0

# Alice und Bob Polarisation auf 10°
5,0;	5,0;	4522,0;	4,0;	201,0;	224,0;	10,0
5,0;	5,0;	4510,0;	3,0;	185,0;	226,0;	10,0
5,0;	5,0;	4371,0;	4,0;	203,0;	196,0;	10,0
5,0;	5,0;	4409,0;	6,0;	216,0;	195,0;	10,0
5,0;	5,0;	4432,0;	5,0;	208,0;	218,0;	10,0
5,0;	5,0;	4557,0;	3,0;	194,0;	209,0;	10,0
5,0;	5,0;	4582,0;	1,0;	230,0;	208,0;	10,0
5,0;	5,0;	4495,0;	3,0;	227,0;	219,0;	10,0
5,0;	5,0;	4590,0;	9,0;	213,0;	198,0;	10,0
5,0;	5,0;	4542,0;	3,0;	214,0;	197,0;	10,0
5,0;	5,0;	4566,0;	5,0;	190,0;	197,0;	10,0
5,0;	5,0;	4528,0;	4,0;	232,0;	205,0;	10,0
5,0;	5,0;	4561,0;	6,0;	213,0;	224,0;	10,0
5,0;	5,0;	4475,0;	5,0;	201,0;	182,0;	10,0
5,0;	5,0;	4530,0;	3,0;	242,0;	209,0;	10,0
5,0;	5,0;	4542,0;	4,0;	220,0;	207,0;	10,0
5,0;	5,0;	4570,0;	6,0;	214,0;	214,0;	10,0
5,0;	5,0;	4517,0;	3,0;	219,0;	203,0;	10,0
5,0;	5,0;	4564,0;	3,0;	229,0;	214,0;	10,0
5,0;	5,0;	4555,0;	6,0;	197,0;	187,0;	10,0
5,0;	5,0;	4552,0;	4,0;	231,0;	216,0;	10,0
5,0;	5,0;	4591,0;	5,0;	208,0;	207,0;	10,0
5,0;	5,0;	4481,0;	5,0;	207,0;	205,0;	10,0
5,0;	5,0;	4467,0;	10,0;	208,0;	207,0;	10,0
5,0;	5,0;	4393,0;	4,0;	196,0;	205,0;	10,0
5,0;	5,0;	4476,0;	2,0;	180,0;	207,0;	10,0
5,0;	5,0;	4583,0;	3,0;	193,0;	230,0;	10,0
5,0;	5,0;	4525,0;	3,0;	206,0;	196,0;	10,0
5,0;	5,0;	4504,0;	4,0;	191,0;	202,0;	10,0
5,0;	5,0;	4479,0;	10,0;	204,0;	192,0;	10,0
5,0;	5,0;	4465,0;	2,0;	209,0;	195,0;	10,0
5,0;	5,0;	4612,0;	6,0;	225,0;	213,0;	10,0
5,0;	5,0;	4517,0;	6,0;	208,0;	177,0;	10,0
5,0;	5,0;	4452,0;	3,0;	206,0;	207,0;	10,0
5,0;	5,0;	4572,0;	2,0;	204,0;	188,0;	10,0
5,0;	5,0;	4504,0;	3,0;	219,0;	201,0;	10,0
5,0;	5,0;	4527,0;	5,0;	210,0;	181,0;	10,0
5,0;	5,0;	4471,0;	7,0;	221,0;	199,0;	10,0
5,0;	5,0;	4556,0;	3,0;	206,0;	222,0;	10,0
5,0;	5,0;	4491,0;	6,0;	221,0;	205,0;	10,0
5,0;	5,0;	4462,0;	4,0;	223,0;	222,0;	10,0
5,0;	5,0;	4515,0;	1,0;	215,0;	200,0;	10,0
5,0;	5,0;	4450,0;	4,0;	197,0;	207,0;	10,0
5,0;	5,0;	4602,0;	2,0;	230,0;	199,0;	10,0
5,0;	5,0;	4545,0;	2,0;	211,0;	181,0;	10,0
5,0;	5,0;	4517,0;	5,0;	207,0;	181,0;	10,0
5,0;	5,0;	4541,0;	3,0;	241,0;	189,0;	10,0
5,0;	5,0;	4562,0;	10,0;	215,0;	218,0;	10,0
5,0;	5,0;	4465,0;	1,0;	254,0;	200,0;	10,0

# Alice und Bob Polarisation auf 20°
10,0;	10,0;	0,0;	0,0;	0,0;	0,0;	10,0
10,0;	10,0;	3755,0;	62,0;	548,0;	566,0;	10,0
10,0;	10,0;	3707,0;	61,0;	546,0;	592,0;	10,0
10,0;	10,0;	3666,0;	53,0;	559,0;	572,0;	10,0
10,0;	10,0;	3595,0;	70,0;	575,0;	549,0;	10,0
10,0;	10,0;	3603,0;	78,0;	535,0;	591,0;	10,0
10,0;	10,0;	3563,0;	71,0;	555,0;	547,0;	10,0
10,0;	10,0;	3703,0;	71,0;	533,0;	589,0;	10,0
10,0;	10,0;	3655,0;	61,0;	581,0;	515,0;	10,0
10,0;	10,0;	3628,0;	66,0;	541,0;	582,0;	10,0
10,0;	10,0;	3607,0;	80,0;	584,0;	555,0;	10,0
10,0;	10,0;	3658,0;	67,0;	578,0;	549,0;	10,0
10,0;	10,0;	3683,0;	60,0;	531,0;	552,0;	10,0
10,0;	10,0;	3632,0;	67,0;	582,0;	582,0;	10,0
10,0;	10,0;	3589,0;	61,0;	539,0;	569,0;	10,0
10,0;	10,0;	3638,0;	56,0;	527,0;	533,0;	10,0
10,0;	10,0;	3544,0;	57,0;	613,0;	562,0;	10,0
10,0;	10,0;	3670,0;	80,0;	600,0;	554,0;	10,0
10,0;	10,0;	3772,0;	59,0;	567,0;	589,0;	10,0
10,0;	10,0;	3571,0;	49,0;	556,0;	587,0;	10,0
10,0;	10,0;	3651,0;	48,0;	594,0;	582,0;	10,0
10,0;	10,0;	3624,0;	63,0;	563,0;	559,0;	10,0
10,0;	10,0;	3579,0;	79,0;	556,0;	582,0;	10,0
10,0;	10,0;	3746,0;	67,0;	589,0;	522,0;	10,0
10,0;	10,0;	3599,0;	59,0;	545,0;	561,0;	10,0
10,0;	10,0;	3670,0;	55,0;	554,0;	584,0;	10,0
10,0;	10,0;	3537,0;	59,0;	558,0;	527,0;	10,0
10,0;	10,0;	3701,0;	75,0;	604,0;	543,0;	10,0
10,0;	10,0;	3710,0;	66,0;	538,0;	578,0;	10,0
10,0;	10,0;	3572,0;	76,0;	567,0;	561,0;	10,0
10,0;	10,0;	3670,0;	64,0;	588,0;	569,0;	10,0
10,0;	10,0;	3641,0;	69,0;	570,0;	528,0;	10,0
10,0;	10,0;	3734,0;	72,0;	564,0;	541,0;	10,0
10,0;	10,0;	3682,0;	58,0;	575,0;	547,0;	10,0
10,0;	10,0;	3603,0;	74,0;	551,0;	586,0;	10,0
10,0;	10,0;	3670,0;	58,0;	596,0;	520,0;	10,0
10,0;	10,0;	3564,0;	65,0;	555,0;	555,0;	10,0
10,0;	10,0;	3763,0;	67,0;	564,0;	560,0;	10,0
10,0;	10,0;	3653,0;	84,0;	572,0;	545,0;	10,0
10,0;	10,0;	3571,0;	58,0;	572,0;	585,0;	10,0
10,0;	10,0;	3565,0;	77,0;	580,0;	572,0;	10,0
10,0;	10,0;	3571,0;	61,0;	577,0;	543,0;	10,0
10,0;	10,0;	3605,0;	70,0;	554,0;	569,0;	10,0
10,0;	10,0;	3619,0;	65,0;	536,0;	589,0;	10,0
10,0;	10,0;	3473,0;	64,0;	540,0;	546,0;	10,0
10,0;	10,0;	3600,0;	67,0;	559,0;	543,0;	10,0
10,0;	10,0;	3737,0;	67,0;	551,0;	546,0;	10,0
10,0;	10,0;	3553,0;	67,0;	585,0;	567,0;	10,0
10,0;	10,0;	3669,0;	74,0;	593,0;	575,0;	10,0
10,0;	10,0;	3686,0;	62,0;	551,0;	568,0;	10,0

# Alice und Bob Polarisation auf 30°
15,0;	15,0;	2561,0;	329,0;	915,0;	895,0;	10,0
15,0;	15,0;	2466,0;	299,0;	892,0;	920,0;	10,0
15,0;	15,0;	2481,0;	305,0;	940,0;	954,0;	10,0
15,0;	15,0;	2539,0;	272,0;	968,0;	873,0;	10,0
15,0;	15,0;	2490,0;	316,0;	957,0;	889,0;	10,0
15,0;	15,0;	2490,0;	287,0;	871,0;	936,0;	10,0
15,0;	15,0;	2472,0;	318,0;	989,0;	961,0;	10,0
15,0;	15,0;	2492,0;	316,0;	989,0;	921,0;	10,0
15,0;	15,0;	2488,0;	315,0;	964,0;	910,0;	10,0
15,0;	15,0;	2515,0;	282,0;	932,0;	930,0;	10,0
15,0;	15,0;	2538,0;	282,0;	891,0;	903,0;	10,0
15,0;	15,0;	2480,0;	303,0;	960,0;	915,0;	10,0
15,0;	15,0;	2590,0;	272,0;	964,0;	993,0;	10,0
15,0;	15,0;	2510,0;	302,0;	912,0;	943,0;	10,0
15,0;	15,0;	2569,0;	299,0;	1035,0;	948,0;	10,0
15,0;	15,0;	2560,0;	310,0;	939,0;	962,0;	10,0
15,0;	15,0;	2545,0;	282,0;	933,0;	884,0;	10,0
15,0;	15,0;	2657,0;	315,0;	911,0;	919,0;	10,0
15,0;	15,0;	2525,0;	306,0;	912,0;	911,0;	10,0
15,0;	15,0;	2551,0;	277,0;	945,0;	946,0;	10,0
15,0;	15,0;	2586,0;	261,0;	934,0;	898,0;	10,0
15,0;	15,0;	2453,0;	273,0;	973,0;	930,0;	10,0
15,0;	15,0;	2526,0;	304,0;	937,0;	926,0;	10,0
15,0;	15,0;	2495,0;	295,0;	892,0;	971,0;	10,0
15,0;	15,0;	2584,0;	321,0;	970,0;	914,0;	10,0
15,0;	15,0;	2544,0;	304,0;	970,0;	924,0;	10,0
15,0;	15,0;	2552,0;	307,0;	909,0;	887,0;	10,0
15,0;	15,0;	2501,0;	268,0;	946,0;	967,0;	10,0
15,0;	15,0;	2522,0;	309,0;	971,0;	957,0;	10,0
15,0;	15,0;	2587,0;	311,0;	895,0;	897,0;	10,0
15,0;	15,0;	2627,0;	303,0;	928,0;	923,0;	10,0
15,0;	15,0;	2514,0;	296,0;	919,0;	920,0;	10,0
15,0;	15,0;	2549,0;	296,0;	898,0;	941,0;	10,0
15,0;	15,0;	2494,0;	288,0;	962,0;	871,0;	10,0
15,0;	15,0;	2545,0;	293,0;	962,0;	975,0;	10,0
15,0;	15,0;	2548,0;	295,0;	858,0;	917,0;	10,0
15,0;	15,0;	2441,0;	322,0;	876,0;	905,0;	10,0
15,0;	15,0;	2506,0;	284,0;	1017,0;	927,0;	10,0
15,0;	15,0;	2556,0;	286,0;	937,0;	985,0;	10,0
15,0;	15,0;	2471,0;	276,0;	913,0;	943,0;	10,0
15,0;	15,0;	2450,0;	290,0;	916,0;	868,0;	10,0
15,0;	15,0;	2516,0;	307,0;	928,0;	956,0;	10,0
15,0;	15,0;	2507,0;	280,0;	924,0;	927,0;	10,0
15,0;	15,0;	2537,0;	335,0;	941,0;	965,0;	10,0
15,0;	15,0;	2376,0;	308,0;	973,0;	1017,0;	10,0
15,0;	15,0;	2458,0;	321,0;	969,0;	958,0;	10,0
15,0;	15,0;	2458,0;	312,0;	937,0;	871,0;	10,0
15,0;	15,0;	2515,0;	253,0;	942,0;	862,0;	10,0
15,0;	15,0;	2605,0;	305,0;	909,0;	921,0;	10,0

# Alice und Bob Polarisation auf 40°
20,0;	20,0;	1457,0;	794,0;	1137,0;	1170,0;	10,0
20,0;	20,0;	1439,0;	880,0;	1062,0;	1169,0;	10,0
20,0;	20,0;	1439,0;	784,0;	1096,0;	1104,0;	10,0
20,0;	20,0;	1427,0;	814,0;	1238,0;	1113,0;	10,0
20,0;	20,0;	1461,0;	821,0;	1151,0;	1167,0;	10,0
20,0;	20,0;	1444,0;	783,0;	1165,0;	1182,0;	10,0
20,0;	20,0;	1475,0;	781,0;	1159,0;	1142,0;	10,0
20,0;	20,0;	1453,0;	816,0;	1148,0;	1169,0;	10,0
20,0;	20,0;	1472,0;	776,0;	1153,0;	1120,0;	10,0
20,0;	20,0;	1427,0;	773,0;	1143,0;	1123,0;	10,0
20,0;	20,0;	1401,0;	794,0;	1129,0;	1164,0;	10,0
20,0;	20,0;	1434,0;	807,0;	1135,0;	1154,0;	10,0
20,0;	20,0;	1407,0;	829,0;	1149,0;	1153,0;	10,0
20,0;	20,0;	1506,0;	792,0;	1112,0;	1139,0;	10,0
20,0;	20,0;	1493,0;	821,0;	1110,0;	1127,0;	10,0
20,0;	20,0;	1470,0;	791,0;	1127,0;	1115,0;	10,0
20,0;	20,0;	1464,0;	809,0;	1108,0;	1199,0;	10,0
20,0;	20,0;	1459,0;	845,0;	1074,0;	1170,0;	10,0
20,0;	20,0;	1493,0;	798,0;	1140,0;	1125,0;	10,0
20,0;	20,0;	1435,0;	814,0;	1108,0;	1152,0;	10,0
20,0;	20,0;	1510,0;	825,0;	1117,0;	1106,0;	10,0
20,0;	20,0;	1490,0;	821,0;	1182,0;	1080,0;	10,0
20,0;	20,0;	1491,0;	834,0;	1177,0;	1164,0;	10,0
20,0;	20,0;	1489,0;	773,0;	1107,0;	1103,0;	10,0
20,0;	20,0;	1434,0;	855,0;	1144,0;	1067,0;	10,0
20,0;	20,0;	1450,0;	792,0;	1140,0;	1188,0;	10,0
20,0;	20,0;	1468,0;	792,0;	1138,0;	1085,0;	10,0
20,0;	20,0;	1471,0;	784,0;	1167,0;	1106,0;	10,0
20,0;	20,0;	1517,0;	801,0;	1134,0;	1132,0;	10,0
20,0;	20,0;	1467,0;	808,0;	1162,0;	1146,0;	10,0
20,0;	20,0;	1417,0;	783,0;	1050,0;	1168,0;	10,0
20,0;	20,0;	1495,0;	821,0;	1087,0;	1205,0;	10,0
20,0;	20,0;	1471,0;	812,0;	1171,0;	1192,0;	10,0
20,0;	20,0;	1489,0;	825,0;	1143,0;	1119,0;	10,0
20,0;	20,0;	1475,0;	785,0;	1136,0;	1142,0;	10,0
20,0;	20,0;	1432,0;	794,0;	1136,0;	1126,0;	10,0
20,0;	20,0;	1400,0;	784,0;	1170,0;	1142,0;	10,0
20,0;	20,0;	1500,0;	859,0;	1126,0;	1097,0;	10,0
20,0;	20,0;	1463,0;	794,0;	1162,0;	1073,0;	10,0
20,0;	20,0;	1460,0;	831,0;	1127,0;	1118,0;	10,0
20,0;	20,0;	1483,0;	782,0;	1164,0;	1126,0;	10,0
20,0;	20,0;	1455,0;	764,0;	1135,0;	1126,0;	10,0
20,0;	20,0;	1492,0;	815,0;	1062,0;	1109,0;	10,0
20,0;	20,0;	1434,0;	806,0;	1128,0;	1156,0;	10,0
20,0;	20,0;	1501,0;	822,0;	1172,0;	1134,0;	10,0
20,0;	20,0;	1469,0;	768,0;	1174,0;	1111,0;	10,0
20,0;	20,0;	1528,0;	811,0;	1152,0;	1199,0;	10,0
20,0;	20,0;	1410,0;	846,0;	1163,0;	1143,0;	10,0
20,0;	20,0;	1435,0;	808,0;	1135,0;	1152,0;	10,0

# Alice und Bob Polarisation auf 45°
22,5;	22,5;	992,0;	1194,0;	1114,0;	1147,0;	10,0
22,5;	22,5;	986,0;	1158,0;	1248,0;	1114,0;	10,0
22,5;	22,5;	1058,0;	1162,0;	1120,0;	1152,0;	10,0
22,5;	22,5;	989,0;	1194,0;	1158,0;	1136,0;	10,0
22,5;	22,5;	1020,0;	1188,0;	1125,0;	1140,0;	10,0
22,5;	22,5;	1011,0;	1209,0;	1138,0;	1217,0;	10,0
22,5;	22,5;	1067,0;	1129,0;	1185,0;	1186,0;	10,0
22,5;	22,5;	1045,0;	1188,0;	1133,0;	1128,0;	10,0
22,5;	22,5;	951,0;	1206,0;	1154,0;	1150,0;	10,0
22,5;	22,5;	1035,0;	1164,0;	1106,0;	1153,0;	10,0
22,5;	22,5;	1080,0;	1115,0;	1129,0;	1156,0;	10,0
22,5;	22,5;	1009,0;	1210,0;	1075,0;	1192,0;	10,0
22,5;	22,5;	1025,0;	1171,0;	1168,0;	1109,0;	10,0
22,5;	22,5;	995,0;	1200,0;	1252,0;	1217,0;	10,0
22,5;	22,5;	1016,0;	1247,0;	1167,0;	1145,0;	10,0
22,5;	22,5;	1002,0;	1261,0;	1147,0;	1127,0;	10,0
22,5;	22,5;	1044,0;	1184,0;	1182,0;	1139,0;	10,0
22,5;	22,5;	1054,0;	1156,0;	1196,0;	1139,0;	10,0
22,5;	22,5;	1041,0;	1168,0;	1164,0;	1251,0;	10,0
22,5;	22,5;	1004,0;	1203,0;	1183,0;	1117,0;	10,0
22,5;	22,5;	1042,0;	1153,0;	1150,0;	1104,0;	10,0
22,5;	22,5;	1058,0;	1166,0;	1110,0;	1156,0;	10,0
22,5;	22,5;	1023,0;	1163,0;	1146,0;	1131,0;	10,0
22,5;	22,5;	991,0;	1176,0;	1085,0;	1087,0;	10,0
22,5;	22,5;	1069,0;	1105,0;	1146,0;	1160,0;	10,0
22,5;	22,5;	1070,0;	1175,0;	1211,0;	1179,0;	10,0
22,5;	22,5;	1033,0;	1259,0;	1058,0;	1231,0;	10,0
22,5;	22,5;	1034,0;	1194,0;	1205,0;	1193,0;	10,0
22,5;	22,5;	1033,0;	1160,0;	1143,0;	1131,0;	10,0
22,5;	22,5;	994,0;	1168,0;	1147,0;	1154,0;	10,0
22,5;	22,5;	1104,0;	1151,0;	1142,0;	1156,0;	10,0
22,5;	22,5;	1023,0;	1157,0;	1109,0;	1115,0;	10,0
22,5;	22,5;	990,0;	1156,0;	1197,0;	1189,0;	10,0
22,5;	22,5;	1006,0;	1180,0;	1220,0;	1164,0;	10,0
22,5;	22,5;	1014,0;	1248,0;	1170,0;	1123,0;	10,0
22,5;	22,5;	1039,0;	1183,0;	1172,0;	1119,0;	10,0
22,5;	22,5;	1037,0;	1220,0;	1206,0;	1109,0;	10,0
22,5;	22,5;	1043,0;	1165,0;	1145,0;	1182,0;	10,0
22,5;	22,5;	977,0;	1174,0;	1141,0;	1146,0;	10,0
22,5;	22,5;	981,0;	1171,0;	1196,0;	1165,0;	10,0
22,5;	22,5;	1063,0;	1213,0;	1104,0;	1180,0;	10,0
22,5;	22,5;	996,0;	1198,0;	1227,0;	1099,0;	10,0
22,5;	22,5;	1054,0;	1200,0;	1169,0;	1120,0;	10,0
22,5;	22,5;	1038,0;	1192,0;	1116,0;	1163,0;	10,0
22,5;	22,5;	988,0;	1164,0;	1115,0;	1131,0;	10,0
22,5;	22,5;	1003,0;	1195,0;	1161,0;	1174,0;	10,0
22,5;	22,5;	995,0;	1156,0;	1246,0;	1120,0;	10,0
22,5;	22,5;	1012,0;	1163,0;	1115,0;	1155,0;	10,0
22,5;	22,5;	965,0;	1157,0;	1142,0;	1184,0;	10,0

# Alice und Bob Polarisation auf 50°
25,0;	25,0;	658,0;	1641,0;	1061,0;	1078,0;	10,0
25,0;	25,0;	642,0;	1646,0;	1102,0;	1103,0;	10,0
25,0;	25,0;	663,0;	1712,0;	1065,0;	1145,0;	10,0
25,0;	25,0;	669,0;	1592,0;	1173,0;	1075,0;	10,0
25,0;	25,0;	625,0;	1565,0;	1143,0;	1127,0;	10,0
25,0;	25,0;	672,0;	1641,0;	1041,0;	1117,0;	10,0
25,0;	25,0;	686,0;	1630,0;	1173,0;	1036,0;	10,0
25,0;	25,0;	685,0;	1605,0;	1139,0;	1144,0;	10,0
25,0;	25,0;	645,0;	1596,0;	1114,0;	1078,0;	10,0
25,0;	25,0;	658,0;	1643,0;	1082,0;	1122,0;	10,0
25,0;	25,0;	631,0;	1604,0;	1109,0;	1118,0;	10,0
25,0;	25,0;	686,0;	1586,0;	1108,0;	1098,0;	10,0
25,0;	25,0;	646,0;	1628,0;	1060,0;	1158,0;	10,0
25,0;	25,0;	633,0;	1558,0;	1053,0;	1117,0;	10,0
25,0;	25,0;	668,0;	1643,0;	1100,0;	1117,0;	10,0
25,0;	25,0;	630,0;	1637,0;	1068,0;	1039,0;	10,0
25,0;	25,0;	687,0;	1638,0;	1060,0;	1124,0;	10,0
25,0;	25,0;	684,0;	1599,0;	1087,0;	1128,0;	10,0
25,0;	25,0;	661,0;	1636,0;	1125,0;	1125,0;	10,0
25,0;	25,0;	634,0;	1585,0;	1091,0;	1076,0;	10,0
25,0;	25,0;	662,0;	1480,0;	1062,0;	1069,0;	10,0
25,0;	25,0;	655,0;	1687,0;	1114,0;	1078,0;	10,0
25,0;	25,0;	656,0;	1679,0;	1090,0;	1086,0;	10,0
25,0;	25,0;	633,0;	1668,0;	1103,0;	1098,0;	10,0
25,0;	25,0;	658,0;	1562,0;	1119,0;	1096,0;	10,0
25,0;	25,0;	666,0;	1685,0;	1070,0;	1096,0;	10,0
25,0;	25,0;	638,0;	1589,0;	1107,0;	1112,0;	10,0
25,0;	25,0;	708,0;	1655,0;	1103,0;	1074,0;	10,0
25,0;	25,0;	672,0;	1662,0;	1059,0;	1070,0;	10,0
25,0;	25,0;	721,0;	1600,0;	1053,0;	1087,0;	10,0
25,0;	25,0;	642,0;	1660,0;	1049,0;	1106,0;	10,0
25,0;	25,0;	671,0;	1551,0;	1053,0;	1055,0;	10,0
25,0;	25,0;	650,0;	1464,0;	1075,0;	1091,0;	10,0
25,0;	25,0;	636,0;	1588,0;	1073,0;	1154,0;	10,0
25,0;	25,0;	664,0;	1520,0;	1078,0;	1112,0;	10,0
25,0;	25,0;	686,0;	1625,0;	1067,0;	1122,0;	10,0
25,0;	25,0;	657,0;	1616,0;	1072,0;	1061,0;	10,0
25,0;	25,0;	711,0;	1552,0;	1035,0;	1124,0;	10,0
25,0;	25,0;	662,0;	1666,0;	1109,0;	1116,0;	10,0
25,0;	25,0;	648,0;	1544,0;	1131,0;	1072,0;	10,0
25,0;	25,0;	693,0;	1599,0;	1079,0;	1058,0;	10,0
25,0;	25,0;	668,0;	1663,0;	1060,0;	1102,0;	10,0
25,0;	25,0;	656,0;	1557,0;	1106,0;	1089,0;	10,0
25,0;	25,0;	654,0;	1668,0;	1083,0;	1078,0;	10,0
25,0;	25,0;	736,0;	1606,0;	1033,0;	1091,0;	10,0
25,0;	25,0;	678,0;	1620,0;	1118,0;	1103,0;	10,0
25,0;	25,0;	664,0;	1612,0;	1046,0;	1163,0;	10,0
25,0;	25,0;	703,0;	1611,0;	1057,0;	1034,0;	10,0
25,0;	25,0;	711,0;	1554,0;	1118,0;	1061,0;	10,0

# Alice und Bob Polarisation auf 60°
30,0;	30,0;	205,0;	2579,0;	789,0;	775,0;	10,0
30,0;	30,0;	179,0;	2663,0;	766,0;	793,0;	10,0
30,0;	30,0;	244,0;	2677,0;	822,0;	840,0;	10,0
30,0;	30,0;	200,0;	2646,0;	820,0;	852,0;	10,0
30,0;	30,0;	194,0;	2651,0;	746,0;	853,0;	10,0
30,0;	30,0;	178,0;	2593,0;	795,0;	884,0;	10,0
30,0;	30,0;	205,0;	2632,0;	783,0;	821,0;	10,0
30,0;	30,0;	222,0;	2519,0;	753,0;	808,0;	10,0
30,0;	30,0;	206,0;	2525,0;	846,0;	806,0;	10,0
30,0;	30,0;	193,0;	2645,0;	820,0;	835,0;	10,0
30,0;	30,0;	185,0;	2626,0;	807,0;	832,0;	10,0
30,0;	30,0;	208,0;	2653,0;	828,0;	810,0;	10,0
30,0;	30,0;	253,0;	2697,0;	803,0;	850,0;	10,0
30,0;	30,0;	202,0;	2511,0;	779,0;	860,0;	10,0
30,0;	30,0;	207,0;	2623,0;	766,0;	794,0;	10,0
30,0;	30,0;	208,0;	2698,0;	790,0;	839,0;	10,0
30,0;	30,0;	205,0;	2578,0;	807,0;	867,0;	10,0
30,0;	30,0;	200,0;	2651,0;	808,0;	788,0;	10,0
30,0;	30,0;	220,0;	2645,0;	827,0;	845,0;	10,0
30,0;	30,0;	202,0;	2655,0;	843,0;	824,0;	10,0
30,0;	30,0;	212,0;	2673,0;	798,0;	752,0;	10,0
30,0;	30,0;	191,0;	2553,0;	789,0;	860,0;	10,0
30,0;	30,0;	212,0;	2569,0;	834,0;	835,0;	10,0
30,0;	30,0;	223,0;	2535,0;	794,0;	846,0;	10,0
30,0;	30,0;	233,0;	2551,0;	798,0;	847,0;	10,0
30,0;	30,0;	217,0;	2530,0;	809,0;	828,0;	10,0
30,0;	30,0;	230,0;	2625,0;	839,0;	813,0;	10,0
30,0;	30,0;	191,0;	2601,0;	781,0;	819,0;	10,0
30,0;	30,0;	245,0;	2520,0;	796,0;	757,0;	10,0
30,0;	30,0;	192,0;	2553,0;	795,0;	798,0;	10,0
30,0;	30,0;	205,0;	2529,0;	789,0;	825,0;	10,0
30,0;	30,0;	200,0;	2607,0;	767,0;	810,0;	10,0
30,0;	30,0;	214,0;	2566,0;	806,0;	865,0;	10,0
30,0;	30,0;	215,0;	2653,0;	825,0;	822,0;	10,0
30,0;	30,0;	185,0;	2596,0;	795,0;	837,0;	10,0
30,0;	30,0;	214,0;	2513,0;	803,0;	843,0;	10,0
30,0;	30,0;	208,0;	2590,0;	792,0;	788,0;	10,0
30,0;	30,0;	192,0;	2622,0;	790,0;	809,0;	10,0
30,0;	30,0;	219,0;	2539,0;	846,0;	803,0;	10,0
30,0;	30,0;	203,0;	2615,0;	796,0;	784,0;	10,0
30,0;	30,0;	213,0;	2616,0;	789,0;	795,0;	10,0
30,0;	30,0;	214,0;	2510,0;	768,0;	800,0;	10,0
30,0;	30,0;	208,0;	2628,0;	803,0;	830,0;	10,0
30,0;	30,0;	239,0;	2589,0;	798,0;	808,0;	10,0
30,0;	30,0;	199,0;	2594,0;	790,0;	820,0;	10,0
30,0;	30,0;	206,0;	2554,0;	755,0;	822,0;	10,0
30,0;	30,0;	196,0;	2475,0;	770,0;	857,0;	10,0
30,0;	30,0;	208,0;	2544,0;	839,0;	834,0;	10,0
30,0;	30,0;	195,0;	2627,0;	781,0;	817,0;	10,0

# Alice und Bob Polarisation auf 70°
35,0;	35,0;	40,0;	3369,0;	342,0;	470,0;	10,0
35,0;	35,0;	32,0;	3619,0;	365,0;	442,0;	10,0
35,0;	35,0;	27,0;	3471,0;	369,0;	446,0;	10,0
35,0;	35,0;	30,0;	3440,0;	433,0;	416,0;	10,0
35,0;	35,0;	36,0;	3577,0;	430,0;	457,0;	10,0
35,0;	35,0;	27,0;	3578,0;	397,0;	445,0;	10,0
35,0;	35,0;	42,0;	3447,0;	467,0;	448,0;	10,0
35,0;	35,0;	32,0;	3569,0;	388,0;	414,0;	10,0
35,0;	35,0;	37,0;	3535,0;	396,0;	417,0;	10,0
35,0;	35,0;	36,0;	3498,0;	382,0;	469,0;	10,0
35,0;	35,0;	25,0;	3604,0;	407,0;	437,0;	10,0
35,0;	35,0;	40,0;	3619,0;	396,0;	455,0;	10,0
35,0;	35,0;	29,0;	3611,0;	406,0;	467,0;	10,0
35,0;	35,0;	27,0;	3529,0;	427,0;	412,0;	10,0
35,0;	35,0;	38,0;	3548,0;	386,0;	413,0;	10,0
35,0;	35,0;	25,0;	3401,0;	415,0;	416,0;	10,0
35,0;	35,0;	31,0;	3516,0;	378,0;	412,0;	10,0
35,0;	35,0;	28,0;	3545,0;	394,0;	441,0;	10,0
35,0;	35,0;	45,0;	3630,0;	420,0;	440,0;	10,0
35,0;	35,0;	21,0;	3497,0;	415,0;	422,0;	10,0
35,0;	35,0;	30,0;	3596,0;	364,0;	429,0;	10,0
35,0;	35,0;	39,0;	3533,0;	424,0;	498,0;	10,0
35,0;	35,0;	31,0;	3560,0;	394,0;	442,0;	10,0
35,0;	35,0;	27,0;	3654,0;	404,0;	403,0;	10,0
35,0;	35,0;	29,0;	3512,0;	414,0;	465,0;	10,0
35,0;	35,0;	30,0;	3499,0;	399,0;	391,0;	10,0
35,0;	35,0;	31,0;	3438,0;	404,0;	444,0;	10,0
35,0;	35,0;	28,0;	3551,0;	396,0;	459,0;	10,0
35,0;	35,0;	32,0;	3524,0;	389,0;	457,0;	10,0
35,0;	35,0;	32,0;	3509,0;	441,0;	432,0;	10,0
35,0;	35,0;	22,0;	3653,0;	371,0;	431,0;	10,0
35,0;	35,0;	26,0;	3513,0;	407,0;	433,0;	10,0
35,0;	35,0;	42,0;	3570,0;	412,0;	419,0;	10,0
35,0;	35,0;	31,0;	3501,0;	392,0;	411,0;	10,0
35,0;	35,0;	24,0;	3527,0;	398,0;	398,0;	10,0
35,0;	35,0;	28,0;	3572,0;	402,0;	428,0;	10,0
35,0;	35,0;	39,0;	3626,0;	407,0;	389,0;	10,0
35,0;	35,0;	41,0;	3536,0;	408,0;	441,0;	10,0
35,0;	35,0;	30,0;	3477,0;	384,0;	446,0;	10,0
35,0;	35,0;	36,0;	3600,0;	359,0;	454,0;	10,0
35,0;	35,0;	24,0;	3501,0;	401,0;	403,0;	10,0
35,0;	35,0;	31,0;	3540,0;	382,0;	441,0;	10,0
35,0;	35,0;	38,0;	3538,0;	410,0;	440,0;	10,0
35,0;	35,0;	29,0;	3548,0;	379,0;	431,0;	10,0
35,0;	35,0;	40,0;	3525,0;	382,0;	409,0;	10,0
35,0;	35,0;	32,0;	3530,0;	386,0;	453,0;	10,0
35,0;	35,0;	41,0;	3620,0;	405,0;	427,0;	10,0
35,0;	35,0;	38,0;	3588,0;	385,0;	404,0;	10,0
35,0;	35,0;	28,0;	3612,0;	398,0;	459,0;	10,0

# Alice und Bob Polarisation auf 80°
40,0;	40,0;	1,0;	4212,0;	92,0;	101,0;	10,0
40,0;	40,0;	4,0;	4294,0;	91,0;	123,0;	10,0
40,0;	40,0;	4,0;	4109,0;	87,0;	114,0;	10,0
40,0;	40,0;	1,0;	4189,0;	75,0;	107,0;	10,0
40,0;	40,0;	2,0;	4162,0;	85,0;	115,0;	10,0
40,0;	40,0;	3,0;	4266,0;	85,0;	130,0;	10,0
40,0;	40,0;	0,0;	4247,0;	93,0;	103,0;	10,0
40,0;	40,0;	0,0;	4135,0;	97,0;	125,0;	10,0
40,0;	40,0;	1,0;	4159,0;	89,0;	95,0;	10,0
40,0;	40,0;	0,0;	4129,0;	90,0;	138,0;	10,0
40,0;	40,0;	2,0;	4198,0;	102,0;	129,0;	10,0
40,0;	40,0;	4,0;	4260,0;	69,0;	145,0;	10,0
40,0;	40,0;	2,0;	4120,0;	84,0;	124,0;	10,0
40,0;	40,0;	0,0;	4124,0;	108,0;	114,0;	10,0
40,0;	40,0;	2,0;	4249,0;	106,0;	113,0;	10,0
40,0;	40,0;	3,0;	4137,0;	71,0;	121,0;	10,0
40,0;	40,0;	3,0;	4164,0;	94,0;	108,0;	10,0
40,0;	40,0;	4,0;	4162,0;	86,0;	131,0;	10,0
40,0;	40,0;	3,0;	4154,0;	88,0;	110,0;	10,0
40,0;	40,0;	3,0;	4123,0;	83,0;	115,0;	10,0
40,0;	40,0;	3,0;	4086,0;	88,0;	136,0;	10,0
40,0;	40,0;	0,0;	4139,0;	80,0;	137,0;	10,0
40,0;	40,0;	2,0;	4240,0;	93,0;	122,0;	10,0
40,0;	40,0;	2,0;	4145,0;	85,0;	134,0;	10,0
40,0;	40,0;	2,0;	4209,0;	82,0;	133,0;	10,0
40,0;	40,0;	3,0;	4261,0;	91,0;	119,0;	10,0
40,0;	40,0;	0,0;	4194,0;	79,0;	99,0;	10,0
40,0;	40,0;	3,0;	4192,0;	90,0;	116,0;	10,0
40,0;	40,0;	2,0;	4260,0;	100,0;	140,0;	10,0
40,0;	40,0;	1,0;	4192,0;	86,0;	115,0;	10,0
40,0;	40,0;	2,0;	4204,0;	81,0;	128,0;	10,0
40,0;	40,0;	3,0;	4142,0;	87,0;	142,0;	10,0
40,0;	40,0;	4,0;	4125,0;	110,0;	110,0;	10,0
40,0;	40,0;	2,0;	4178,0;	90,0;	148,0;	10,0
40,0;	40,0;	3,0;	4200,0;	85,0;	127,0;	10,0
40,0;	40,0;	0,0;	4191,0;	97,0;	115,0;	10,0
40,0;	40,0;	3,0;	4168,0;	95,0;	104,0;	10,0
40,0;	40,0;	0,0;	4148,0;	93,0;	110,0;	10,0
40,0;	40,0;	0,0;	4207,0;	91,0;	123,0;	10,0
40,0;	40,0;	1,0;	4179,0;	70,0;	121,0;	10,0
40,0;	40,0;	1,0;	4146,0;	100,0;	136,0;	10,0
40,0;	40,0;	1,0;	4156,0;	111,0;	119,0;	10,0
40,0;	40,0;	3,0;	4196,0;	97,0;	134,0;	10,0
40,0;	40,0;	1,0;	4318,0;	95,0;	114,0;	10,0
40,0;	40,0;	3,0;	4111,0;	96,0;	136,0;	10,0
40,0;	40,0;	2,0;	4179,0;	94,0;	133,0;	10,0
40,0;	40,0;	1,0;	4072,0;	75,0;	137,0;	10,0
40,0;	40,0;	2,0;	4218,0;	102,0;	116,0;	10,0
40,0;	40,0;	1,0;	4226,0;	97,0;	117,0;	10,0

# Alice und Bob Polarisation auf 90°
45,0;	45,0;	5,0;	4222,0;	19,0;	32,0;	10,0
45,0;	45,0;	7,0;	4416,0;	22,0;	12,0;	10,0
45,0;	45,0;	3,0;	4377,0;	19,0;	21,0;	10,0
45,0;	45,0;	8,0;	4358,0;	20,0;	21,0;	10,0
45,0;	45,0;	2,0;	4385,0;	18,0;	17,0;	10,0
45,0;	45,0;	5,0;	4373,0;	16,0;	18,0;	10,0
45,0;	45,0;	1,0;	4509,0;	25,0;	24,0;	10,0
45,0;	45,0;	7,0;	4300,0;	19,0;	15,0;	10,0
45,0;	45,0;	5,0;	4423,0;	18,0;	16,0;	10,0
45,0;	45,0;	5,0;	4408,0;	15,0;	21,0;	10,0
45,0;	45,0;	5,0;	4369,0;	22,0;	20,0;	10,0
45,0;	45,0;	1,0;	4236,0;	18,0;	20,0;	10,0
45,0;	45,0;	3,0;	4265,0;	18,0;	12,0;	10,0
45,0;	45,0;	3,0;	4503,0;	15,0;	26,0;	10,0
45,0;	45,0;	1,0;	4457,0;	20,0;	9,0;	10,0
45,0;	45,0;	5,0;	4385,0;	18,0;	24,0;	10,0
45,0;	45,0;	7,0;	4462,0;	17,0;	18,0;	10,0
45,0;	45,0;	2,0;	4318,0;	23,0;	26,0;	10,0
45,0;	45,0;	3,0;	4364,0;	20,0;	15,0;	10,0
45,0;	45,0;	1,0;	4436,0;	18,0;	18,0;	10,0
45,0;	45,0;	5,0;	4285,0;	21,0;	14,0;	10,0
45,0;	45,0;	2,0;	4411,0;	14,0;	15,0;	10,0
45,0;	45,0;	5,0;	4319,0;	19,0;	19,0;	10,0
45,0;	45,0;	7,0;	4312,0;	20,0;	19,0;	10,0
45,0;	45,0;	6,0;	4381,0;	21,0;	17,0;	10,0
45,0;	45,0;	0,0;	4311,0;	16,0;	16,0;	10,0
45,0;	45,0;	1,0;	4311,0;	18,0;	22,0;	10,0
45,0;	45,0;	4,0;	4433,0;	25,0;	19,0;	10,0
45,0;	45,0;	2,0;	4401,0;	17,0;	14,0;	10,0
45,0;	45,0;	2,0;	4319,0;	19,0;	16,0;	10,0
45,0;	45,0;	4,0;	4302,0;	12,0;	17,0;	10,0
45,0;	45,0;	3,0;	4241,0;	14,0;	14,0;	10,0
45,0;	45,0;	4,0;	4295,0;	13,0;	22,0;	10,0
45,0;	45,0;	7,0;	4476,0;	11,0;	23,0;	10,0
45,0;	45,0;	5,0;	4266,0;	15,0;	9,0;	10,0
45,0;	45,0;	5,0;	4251,0;	16,0;	20,0;	10,0
45,0;	45,0;	1,0;	4446,0;	12,0;	16,0;	10,0
45,0;	45,0;	6,0;	4407,0;	8,0;	16,0;	10,0
45,0;	45,0;	2,0;	4345,0;	20,0;	22,0;	10,0
45,0;	45,0;	4,0;	4361,0;	10,0;	21,0;	10,0
45,0;	45,0;	0,0;	4346,0;	20,0;	17,0;	10,0
45,0;	45,0;	3,0;	4301,0;	21,0;	25,0;	10,0
45,0;	45,0;	5,0;	4444,0;	17,0;	22,0;	10,0
45,0;	45,0;	0,0;	4312,0;	15,0;	21,0;	10,0
45,0;	45,0;	3,0;	4394,0;	19,0;	29,0;	10,0
45,0;	45,0;	4,0;	4413,0;	17,0;	24,0;	10,0
45,0;	45,0;	6,0;	4317,0;	9,0;	22,0;	10,0
45,0;	45,0;	6,0;	4414,0;	13,0;	26,0;	10,0
45,0;	45,0;	9,0;	4379,0;	12,0;	20,0;	10,0
