3630
3890
4195
4266
4496
4771
4933
5142
5533
5598
5944
6061
6218
6421
6603
6601
6783
6950
6791
7142
7118
7189
7164
7187
7159
7090
7054
7015
6885
6805
6689
6534
6473
6314
6053
5936
5760
5666
5142
5156
4940
4679
4490
4212
3893
3712
3470
3169
2986
2681
2492
2243
1997
1784
1540
1435
1218
1020
929
745
634
462
384
281
208
156
101
78
95
88
123
186
215
349
397
525
661
777
927
1087
1291
1466
1679
1910
2065
2316
2530
2762
3001
3228
3556
3864
4039
4231
4504
4795
4919
5319
5415
5643
5837
6088
6210
6385
6592
6769
6763
7013
7089
7090
7171
7177
7345
7336
7026
7109
7050
6993
6877
6898
6741
6630
6635
6334
6171
6025
5989
5623
5363
5181
5079
4717
4563
4340
4018
3736
3578
3216
3012
2914
2514
2305
2064
1916
1767
1543
1264
1085
895
796
653
505
395
305
215
173
114
104
77
92
109
151
214
288
344
454
603
730
847
1064
1272
1373
1634
1874
1982
2264
2480
2765
2998
3280
3542
3767