23422342342342342342342342342342342342342342342342342342342342342342342342342342
34234234234234234444444433222334244424324422432432423432322332244234433433224323
22223322443222442432423423324444323244443243444434242344244323423444242424422343
23334243234244223443444442442342343243234433243443223233332234224332432344334234
22223222243343344344234243232333243423243324243242442244334324422223223334243233
23324434242243244223323422344224243422323343434424234333233443424342342442322323
33432434243444233244424334433343324312442343343444334443234344334332243244233224
43323224344323223332432444322433324324234233424244433224432432324424444224432222
23442322432423232323442434333432444322424444334344343232333442224442423223142332
43222444242232323233333323443433344322333224243223232434242422444322244442244322
42422444234432334334233234334223442232234412434324443433224322223424244233233224
43244343232334332333424422232343443324342223434343444323443332322424433342323223
23242433234422432343442342432244444323343334222244432242433422344323422232443232
44423343334444424443321444223422323433344432342232424422224434444322244243233423
32233333233434433424342244222244243444432222442424242333234243334442443442234244
33444342344223322323423423344424333434222433232333232424332143442222233342444333
24334244444243423222332233434434422444422323244444344232423344424432343332424422
22433344243444442433243224432433433344434434242232322233243344223343333443422343
32333442342322234244444224343342444223214344334323242224323234343443234334442433
33343433422343322322343342333424443343423443432242323433334424334442434232333424
42222433223443432434334434444224222422324324224424342333342243343343334334242423
34344232334243342224243244223422443222344344344444223344333342333443422233434442
43323413243443333234324223233342424322423323434334324344343323442422443433342332
32224433334444443223434433334233224243144334332332232444233444324443324334432432
44223223332433243443333224332223344433344323333324442444442433443334422333442442
24423434334432432442442433232234333334234333444443232242342323434433333334344343
33423432424444322223444323343244422322332233434342343224443224333243342334422433
44233323444442244443334232224442422442444344324423243343332422332342242223433223
44424334233243324333343333242343223224224444444434322444332444342334422423434233
44423424443434434424234233343434244333234234342423433244232242433442232344334234
34342442333444223344424342244422332441224344434232422344424444442324343334424444
23443334432422243224322423323442342243344323341332433442432433444423433322423434
22432442423444343223244332224223423244323433232424323234424434434344444323323322
33432443232333433324242334444344434422433332432423433132333223423323222343334324
34333233324343443424444244424343323433443433434343443234333234322224232443324234
24342424444233423222322434443334434434244333434423224342222434322242434334443444
43424443323243444434444222223224233443322233244444434323242424242244422424332423
33343343233444222333242442342332442243434232334232242433243324222443442344334434
34423444423422434342344443444332344343444332432433242342444423433233322442444343
24233434242224233244342244343422424423333244233224333334344334222234322434342443
42424323233334434323424233243343432424424234443433343222342224442422342433324344
24343444244224324322433344323424333443342342433424242333324223323433432244342444
34344443242422243343423342332242442143442443433334344322444422234224334332323322
24242223422224342434224434343434334234222344242433222433433223243342424323233334
24334424234322232444423234344424432243444322423444222242244233233233444342333323
43223422432243433324333333223222323344433442332334444343322343332344332343333443
24423433323323233244323233443422332231422242342332444324224333344332344443433423
24222233443342243424342443243242443223424442432323343424323234242343223423433324
33333422234233244324442434434332423222222343442343443442344232423233433324432423
43323344324444444423434344344423334323234444433244233222334444334422443334344434
34243443244333234233333333443324434334443243434222222422343333443433433443434242
22322432433334243232424432422232224343324343233322434434223444334343243443432332
44334443434443424242433334324343244324334344343333423444344333344224322324334434
43332342234244333333433444422344233422424223223432334244242242323343422323234234
22344222323342442222242414223342442344333243434244342344232243334344432333232324
34333442343333332434332333332322344234443344332323443423432233322234423324332422
33322244243442324442433233433442344434442333324334342443442123234433434233223432
44444222333244224323234344323443242434422222233244434331343334433323343442232323
44343443324231234334222244422244234343423434322444333422444423334434224423244233
44443344442232434232244434233444423332444224233444432243342422422222444324422342
42232222243334444424414444234344234432332343443243223442242242332424424344233223
23442424344342223244242422224323323433344423332444322424434432322332232242232433
42334432222424333443434244324343224342343243322234323322443432244342422243444442
44222242432243344244434324424344333222343424224334432444343232434223434344343244
44322434422224233434424442444324323242444233444334444332322333323222222243323322
32324444432344342442232342432223344432342442324334232244334433223444234222423223
22424433332332344232324234232443433233333442444344322234434332423343244334324343
24444424222332433342433224332324323343243222422334332243334233234423233432343332
24424223443223442342322434424344424244342342234323222434223223442332434343442443
44342344334442443422233334342244333233222434342224344334242422242442232244324332
34334424442244233244333333244223424443232244334342442443444232432322233422432343
24424333222323434233333333332442424224342233324342422222332424443332333422324434
44234323424344122433324244323342443333433323234323444432232323232233422223433344
24224424433243234333234244333343334432342433342224442444442324444323222433334422
44342342242434342233323333234343432244344332224343423433434334322442244434224443
44222224344244342334322332344233224333344443222243223444434343324434232232323434
33222433433222333334323333344434334333433443334423224444444323223333322432242324
32422332322332343422233123233342443432234324322433232243334423432433342342334434
34233322232243334424434422334233332333222233323244433222344243442322343333434342
33434432333342442234323342243332434343432222333343424323244323222324423323422244
43313422344423424223342242222343333344323222444443323334242334344432434434424344
23344243432333323433343432422324244424233443443224444323443444322432434434432243
43424242424423344342222443322332222324322433443434242244224433233432234332443243
24344222243344234442344242423434323342432322233222344223432342332433234432332244
23234433423424422244324443442234324343233243343442342444344423243442433433444244
44334434344433442424333322244243444332444424243244342223333244343433224344423323
34334243223334334442334434333444332334222234444334343342344333424332243322334244
43234332442342343422244232434443324334432443232233332224334424334344433423234444
22442333333444432333223333433344422442224433443224442223322322433424444433243344
43422443443242342434334222424244334233414324342323233344344244244334432344334324
34424243243334343324322443242333333243223333343344422344323442223343444324242222
23333333423224232443422433233442233242222423332433342444444332224322324233422423
22233443234243422223433344423333442242234334334243242433333342242233422424342232
34242343232233423324323322424232434422323323342432343244344332423243343144423222
33332343423424344344234223343422343343444342343433432444324343242234222344332224
33322432444433433423223232342342334334234342423242233342233244244344434342343224
23342233443342244423343334444224242422223424343322422242332134342244234232332334
22323343343334342243334223433424433344243244332342433232243444334423233222442332
22222232243232444233322344423432233422344322322232343444433422323333434322323433
34434433343233344422422433222444343222342432443342343334342342323334232332432224
42434323444433443324444243442212234242434342332443234232422433333344444423232443
43442324242342343322334434332324432332333434424232222243333433423343344333334434
22342444424432342133244424234343323431432342424442443242443344234343423334423442
44422243424322242323243443322323234333232234433334324344342434333342223443244233
43243323242433333342243423342344344332444223443443423342234243323223333424234322
44123222434434443333332244243444444243243244332242333244442234323343234324344443
33233433343232423434342322443332332334442332232232433333423342424443143333333334
44342343324244432233444442323334324223432422424434343434234432344444233323422233
32433343433223244334343332333444442431243233442434424223432342334434434332324342
22232242444313244233443322444344234443342333423243442432432424334424234433434344
32333332224244242423334442333234234233442333443434334222233332332434424433324432
22224334222334322344443333342333342323343423432244443324232342244434444232342422
34323423444233332423441324232344223234242343233443422423342342342343343433342332
24242343242322434444232344343442443322244232244343332434422324442233224444343422
42224433224333243323423244243322444333222342222424334343324433244424334242442242
44243334323234444342442333342422443334323242432442224442422344423343344323324342
34433244232333232432433423344434424434224342444324234334242233313424222444234334
23332422424334423344344244334344444222443442333422224434344233234432323333424222
42323333434334343323244422342432322243244443333344344434423433334423443324424344
33424222333334233334322244322442344424233224224343333444334232433233343444442442
23244323322244222221232243342323233442432244222333243244434234222333343224424243
43244323323222242324344243323224244342233434324434243334333433222334233424444222
32434242344234333332443432223333342224222442322344334434433422224344422243233342
33323242442422443332332332232244433232423433242444424342224222342343343233343422
33434424323334343342224224442332322243424434342232333343443224343432243342332444
