24124124124124124124124124124124124124124124124124124124124124124124124124124121
21212121214422142121222122442422212412122112122212222222142221422442122122222222
22221242442121242112222422224222122242221212222122212222224222222211112423122222
11121422111124114224223222441422222122224421212222122212122421221222444224442421
12421112222441124112122422242121112221424222222222122241121122341422412112222222
24222222212212222212222122122424222242122222224121422122221112221222124221221222
21224221222221222222424122212221112213221224142222211121242222124222222222121122
41112121212222421241212121122222112212141212221412212112224222222222244222212222
42112222212222122222211222222222122221212221422242242122222211211222222112242111
24242122222222412422422221231112122321122412222242222122112121212212422222121222
42222122212222224121221424222222412224222144221211212222222212242124222221121221
12222242224211242421212114222222222222122241221214122242121214121212112221121222
12124212222222221222222221121241214222221442141222421222221212122212214212142112
21222212214212244242221221221221122244222411122444212242142422221214122222124422
44222422122111222242422122211222224241222412414212222221222222124221211142221211
22122142222422244222221122121214212122212222111124214221222112211411222242142222
22222222224222412122244221112122222121122222242122112142122121421224221221122122
24122224111422124224211222222222142222242242211422221222221422114222442222112222
22224222122211212422113221222122211222222222222112124111222221112222422222222222
22212222212122222212121211222224222122221222221214212222222221122222222212422212
11242242212222122412222414222122122212211211442122221221414422222212222122224422
21122321224142122224222224122122222221242222212211212212222224232112211221221222
44222122222222212121222222242212422221122221422224212224221222224422242221212222
41424222212222424422122221221411412222122421221222214241221224211222411114242122
12124224214224122242212221211211224222224222222222221222222412222242222122212112
22422221121224222221222222422122212112222122242212212224224221214122422424422224
21142211222121222221212212244222224211242422112212212424212222222221222222222222
42122122222124222422122242211221224224212422141141224112421223222142122221212212
12222222212214222122212122212212244222222214121231122121141222242212222222212242
22122221112221114122422212224221242212112122114122122222111122422122242122222222
22222422124242222121214221221122422222412142212422121122222121222222221122221411
12222142222122422221242212241211212212224422222222222122121122212124222221212212
21222122221222221221221422242211222222212222242122222122122222242111222222221122
22422142222412124444111214212221222222222241441242221212142122224221222224121421
41221222221111211211222224222422212222221122221222421124122122232222222121221411
21221222222222441121141222242211221242222221222121211241222222222421124222222211
12224221422421221242241121222242421242222221222222412122222112214221221224221222
42221122122212212222221112241212122121211222222224122111421212441411224121222422
42222212221221222212221221222222222124214221222422211222421221122222122241241222
24114222222422242122112222442224222222211242121122224212122122112222422222421222
22422422212222422122221112112222121142242222122242122222144121142121212211222221
22221222222212222142122112422212212222222111224221241122221222311222222222221221
12212222122211241222441224242424124222241121222212222221211122211222221122212122
12224212221122222422221412212222222122122122424222221221242241212212342122222212
21122141124212222111222211121221124212221211112214212222142224212222221242212221
21121422212221212142222222441142214122224221211211121121222112142222421212221222
22241112242421211122221241242211222122221221222222222112111124122221212244124242
22242212121222112121142222222222122112111212412211214221122212221212221241242121
22424212132414212222222211222122222112222222241422222242212421222242222221212212
41221241222222441242411122422241121212212222211424124212122121241222111422221221
22221214112241222211112121222212224242211422222212122411221224224222221242222222
22244112221114222221124121211222124242122114222421222112424242221122122243222211
22223122222214142242221121222222222222242422222224122222121214212112222222412222
12141242222421122122112112144142242212222111221222242221212121242221144214211241
22221242212222212242222114223112224222222322221212221222422412222242124244112111
24142122224121242212212222242222221222212222121242442241422222112421122224221122
21222222122224222221212222222211122242111221222121121222222214122212112222212242
12222112222222221422212112444122211421214411212222222222222124222222212221222242
22111221212112122222122222124112242221412122212142224242212241224212212221222242
12222424121212212214222222222222234211112222422224242224122214222422222212311112
11142242244312212122122422211212222242214412221222112212421122214224221122421222
22241142322221211121212222114122222222112222222222222222112124241221221222224142
23212221112122122241111242121222242112222121222222212212212111222212212212224221
12112422214141212122221221222222221221222242112122221221222111221212122242142222
12122211142122112221222211222242211244221212444244222424421142124211222222112222
22322122222122222212112242212421142422422122222121221212112442222111212221122222
22222221222142212211242211242142222224211224122221212221122222124141112222221412
12222224124222242221232241212112242122212241122222212111122441421111221221222211
21212112444122222212441212221422122412222112121222211212221212222221212244212212
42212241212221222221242322421122222221221242224411222422242122144222222224212222
41122422422112222421141112121121122122121222224212412222222242241244122222221222
22222222222412242242221421212222121112224212122222221112221222221122212421241212
42222222221112222212122211114242242212422112441422141242222242124122222421221222
14422121242221212212212212222221121212221222222422212221222122222222222221222142
42222412222112124212222224322141221222422111224114214121212121222221411213242222
21212222242221112222114212224221412222141221222221222421124221222111222122222212
12211222122222121121411112222422422411222222112222222322434212222212222212222112
11221212224222122412212242122124221122221422242222241222212124222114121221242112
22222222222221211122211122122214214421212222121221121221422212122222122222422222
22421222111224141222112221422121222122222322222242222122221421122212121221222212
12222221422122214222224212242221222422241122212122222222211421211212312214112111
12412122412212212212212142224242221221224112122221242242222122212121222242222122
12112221212242212222422222221421122212222421112424224222221242122112222222122212
14222121224222242222221112214212221142422224121122122122141212222411122122222222
12214222222222121211122221212221221242442224322122222122122221122222224212224122
24212112122222112221244122212142222122122222422424211412422212422212242221224112
14221121212122211422112222212112111212122221422424122212122422221142222244222221
21221212142222212121412421112412212142122242222412141221122222241412212222212212
22222141244122444241141412221211222222112122112122222112211221424211223222124122
12242122122222241124121221412221224222214222222212122221111422211141212222222221
22222214212222222121221211222122222422212212412122124212223211124412212222221221
22414124422121241121422114111142212211214142221121212214212222222122222222132214
22221111221222112422421122412412222222221212212122212222412222112121122122222222
21222422422422221442422144224212221211222221111222211222144214421222211242112221
21222242421212222242122424211422214222422214221421224221241142221242222224214244
21222211222222212424241122212121442124222121441222241212241222222212212222222222
22222422242222111422221444211224222222111221221244122222221122413221222221222122
14212422122222241221222142222121222212112122222222224222221222212222214422122122
22122224221222221224122424222214121124422122212221222112212222124422212214222222
12112211122122224224222122222122222122222122222242221222212122222112222212221212
44241221422241222222222222221122221421243242224222122212221242421211222212244221
21242214212221221214222422222422122221221222421212212221111242214422122242214222
12111222222242211211122112222122222112222212242442222121122122214421212212421212
22222122222224212242122222222211421222212122222222222222422222122214244124242224
22222222221222122224422242121214221121422124214412212211222222122222221112112211
41212124122212142222214212221121221424222212141222111122421242212112221222114112
22222212122412112114222122222221412122222422222442212222422412222122212111111221
12211121112444222242112224122411422112242212221221112121214112121222142122211242
22222122212224224222122222221122411222121422114122121121221111122412221221221132
22211212222241111222242114222222111211121242222442223222122222222122412122222214
22224122222124222212142222211211244122221222441112122121222422121112442221122122
22422112422211242212222212112242222112214224122214122214222122212221214122221212
22222112421241111222222222224222221421212224212241122221122122422212222121122212
22222124122122212222212242211222122222121221222222222112222212122142113122221222
21212222222112222222122322222141444142122222221224121122242212224222222222242222
22221211211212222112222114222224112221142221224222122122212211222422122224242223
21223134111222112222112424212212221222224222222224221222244224121141244142222221
22221442112122212221222211112221222221222222122122222241124242222141221124212222
12222212111422222442422222222112124212111131122222122121412222424211222121211212
14242212122222221141421142241224121122212421122212122222212212222212221122221214
22422211114121222212214212112222222411221211214221222222222122222222211121222221
14141221222121124212121221111222222422142122112222212214222221322222222122222222
21121214242224121122222421242222212211122132221122221222221222241222242141122244
22421244422222222222221112222221122224122111221122221442122422122112121222221422
11122222221212224112244121212214242422424412222222121122222222222222112222212222
