23123123123123123123123123123121212121212121212121222222222222311132221322222213
22132222222313122212221222222222233213323123222112121222223122122312222312122222
31112131212223332323122222221222211121221121212122222211322212212121222212121221
21222222221232222212222222212122123323232322221112231212112332231212212232231222
21221131233222121222232212212211222222222231221211222322122222122222221311221222
32222222222222121132212222121211222132122221232222311221212312212222221222222222
21322122222221213322312222222222222232212211232212111222132322132212221222122223
21223131332311311212222122133122122222332112211232322232222322212212231122223321
22131321222132313312312232323222122222231232222322322222211222212122311222212222
22223322113222213232213212212212223222222112122211221223212322222222223112221212
23222121222222121213222222112121222222222212222231222222221122122222221222112221
22222222222221122322211122222222122321222222212221222223212122322322212212223221
12122221222212211322222221223222212212122132232332122223231122233222222321322221
13222122211222123322222322231233222122221112132211222133111121222221222223222131
22321233312322221222222121223222322322212211121232222122123241221221323112222221
22222221222121221223122222211222232223122212222112221222123222232223112222132321
22222232213123232322221221222121222212122222221112223222222323222112222312321222
22223221323222332123222223222212232112211212213222122113221312222222222222223212
12231221222222211211222222232122212231123222323122221323122222112212222212123122
22223222122132223223231221222122323122212221131222333322122312231221112122322111
12222311322222213311122221112221322223223312322132332223133212132123131222122122
22223232223211212221212232212222112132222222113222222232123322312122232121212212
11122111222232222232223321322212212222222222122222123322222222312213221212223212
11222222121233212121122221222123122221223231332231221112111222122132132221222222
22212221132222211112221221211212322122222121222212122213132222231222221313222212
21222231221313221222223122113222231222112332223122212211222221332212212222222222
11113221222132212212222222232112122323223222121111323123222222121223222132232322
22122232212222222212222222222312212212112121322112222222223222222121322123112122
22222222222121222322121222222233221222222221222222213222312322322221212213232222
32221222322222312222223132223231123221222312222212213222222122222122221221233321
23222222212232212221121121221212122212221213223132221221233222221221323212212222
11211213122133122322312112231211222222212112222111222112122231121122122223222221
32133221322122323112211223222231112212133122212222222121221222132222313122212221
11213122211123222221132222232123232222222131122232232322112122123132113113212223
22121222231222331321231322222322222222212222211211232222122211212222122221222123
12322321312222222111112222113222221222222212232121222222122223212222312121212223
22231222221122222322223221223232223122222222231332212422122212122122332222212222
22211122223122322222322311122221222322212323122213323122332222223122111122121211
12222112211322222132222313312111331112322221222221221422221212222221212211322212
21221222222122122232222222123122212222222222222222331224232221222322331232211222
21223213222233122222131223221121111222222232121323222132223222243232222422221322
22223112222222221222211212221222231221332122321122222213223121223222212221222122
12222232212222121222233222222122112322222332121222122232212222213222222313222232
31222122222122321233232312113333221223221222221122222331212322221222221222212212
11222322123222222221221211222222212224222322212113212132221212221212221222322232
21122122223132221222221322312222122223221222222231222232212232222223212214212222
22212132221122122222232121213122232222121222212121113312211221222331222312232122
33122111221223112212222222222222233221212232332222213132211213221222232222222211
31222131123222122332113322321111322222221222112222122222122112213211312123222232
32212132222231212211121132222233231222121311121121222222121222332212222121112211
21211122211322111223222221221333221222111222221222221232322312232232212212322122
22221232232212121221213212222122212222222221211222231211221222223122222122222222
22232221212232212222132222212222123122232213232222213222222222212223232322232221
12121222221222221212232211332221222322312322122112221222222223213322312123232221
22122231212222222222221112123222212121112222232322113221222121223211221221222222
21222222212222222212133123122222222232122221112222222232232212213132222222122212
21322231122221223212211132232212211221122222332222122111222222222211222222221222
21112131212313222322222322222112113221221222122211222232213323322222222222222212
32223222211132122322222113222122221222222222121322213212223121222122222222221212
22211212331211332222222222221132122232222122222122212221312212233212222213122221
13221222222121412322212121223322223232212222221332232112212122222222222132212121
23231222222223212222222212112221221223222132223221232222313223122222223222212213
22113122322221222122223233312322213223213222222222222121221222121122312232222321
23322122322312222123222222222222222121121232221222322222222322213221222323121321
21112212212221132212322122122122222222231122121222222221222233222211223222223221
11223122123423221211122323112222222232121132222112222111122222231222212232222223
12322311232122222222223222221123222221222212222221212223232321112311213223212211
21222121211222211122312222213232212211223122132222222212221122121222122222222222
22222131222121222122112221221231223221222221232231112132222222122221221122221311
22122212213222221322123113111312112122221231213223222222213222121122222122223221
21223232211222322122221112312121121221222121212212213132323223222212221223122122
21222321211221211142222232233112223222212322122212332233232221233223221111222222
23121322221222221222112222122221322312213222123222231222123312131112221222231212
22123232313222223222123121332132121212321212222232221321122322123112212212221322
11322222222212222223122222122211212222212222211212213311233221311223231212232223
22221322232221122222312232232222222232122133123222222323222112222222322221222222
12232223111222322132232222221222313222323232122222322232221221222223221231233212
22132222222231132222312222222323222222222221122221212212312221232222223322231231
21232222322222222232312311112222222222223223221122212221223222222232222222221222
22222221211222111312233123222122212222223312222222132211221221212222212321221122
22122222232122212223232222321212122222123313211223322222121222122323221221221221
21322121222222222322122221222212122221222122222222232212222212222112232212112122
21222121212221121222212221322121211222323212212322212222111222221121312332132212
21212231322232322212212122131222321123223221123312123222231332222223222212222123
22213222111132122122222111222212112222222321222222222232122222212222222222131232
21232221312221222223232221321323122112222221223222231232112232122112211222222222
13212122211121121222242222222122322211121223321322121222231231121222213222132213
22223222123222222213222233222121233221112221222122222113221232121212222222212213
21222221222212222121222332311122221221222122222222222121111121321132212213123212
21123122222222222133222222222221222222122222322112221113232122223222123233232132
22222222112222112232232122223323212222211122222222222222232312222222211111232122
22122222122123221221312212212222222222212221222232312223232211321331222111212212
31231221222222222212321212221212211322212211221222121332222322132122222222322212
22222212222222232322221221211222222211223222122221312323122223323322132322211221
22223112222122313122222213322122221222122122123332212222112312212222122122224121
32212222222333231221121312322232121111222322222312222122322212222123231222221221
22222121212111222222222212212123211131222122221222222222212132211122232112232213
22222321222122322222222223221212122123221212223322212122312221212223222322313223
22222222231111111312232222322232212223122322222322321121212223222322222322222223
11122121222123122222332211122312211122112222132321121221123211221121221112222122
21323112222222122222121231122221222222223221132122111221212122121112222322221422
22211122112221221222122222113212122222221233221121222322222221323122122222333222
22222322222221222223232121212232222222321232233222131212222212222222222212222222
22212112222312221213211122222231122221112212132222223222222221232222222232231122
22223222222221211222223221111212223113112222322322213212321212212212122222232222
22222212211112223321222223112122123222322222312212111131222322221122212221122222
22211121232112222211222312222123322222231222211313212232221222123212222212112221
12132212222222222221221222222122122222221222321223222111211222112232111132323312
32221322122212112222212222133111113232221212222221222222222223122233121212121212
31222222311221222222121112111223212232222121222221222222323222132123222222221223
21221213122232222232231322312222221222211232321123312122221222121122212223221222
22212322222321312223212212222221333322222222211123222212222222221222332222222312
12432212222222332112322222222122222212212122222222222212221222122211222222121231
21231122323122221111122222343322212222222122222122332212321132113122223222221121
21221312121222222212222221122222222212223222221132223212222222122122322222111122
23211222231122122332122332121222222311221223323332122322121122212223122122222211
32222122222221122221211222121222222331222222112222212331222122222221122122223122
23312222222332223121211122122212222222222121322222211122121212222241221222122222
12123121211212312222122122232211212322222222321322231222331222222322222223221122
12211211212112222222222222212321221122222212332222212232222123222222222122221323
11222222122221222222222211222222122112212322133112121212221222123222222223213223
12122212231222132222211322222232232211232112122222213311321321222322122132312222
22312122222223211121122222222123223222223122222221212223122122212222222222112111
22212232122221321232312122112322222231121222222212313231311112321211142211132323
22213311323221122133212121232113112222322221122321322122312211212212122222112122
