23412341234123412341234123412341234123412341234234234234234232222222222222222432
22133212234222343223242232424324421322412222243242322212232232232232322422321223
24342212422232332232232222222232222223124332423123213222242222224221222222433412
34322423222322321223321432242212332232223322322231224422134224422222231234322323
24424222123224222222423222422243321242223432441121122322212134423222424222242214
22224223244222322242212222222343232322222322232242331422212223223333422422232322
22222323233242221222222231212234124224322433222222343222322122222222123212312211
22222422222122222222232211221232224434222223221222232243222222224223322242222223
22213422421222444423222422322234222222122222212222312223422123212241213222324222
22222421432234223223342424233432224222242231414114244224421242312242412421122422
42423243422442224122222212242443422232223222232343221224233234422121122212432122
24242112242223332221211222232341222243334441322322122232422342224323334242224423
23412233222222222224122224222432234222222322422222442234223241234232214222123242
22322321222422232422232122433222222222422312412242222132322222222224324412222222
22222222332322142242224222324212242222324422212312232421221412242321222122222242
23214222224222322322242423222212232324341223123324442442142221222232242223123222
34232222322223232421222332241224222221223222212242242221222143224222332422222224
22424224432222222131222222224222423242222242322232314142332212222212124221222232
22222431142242332443322222322232232423444122342221322222242432412132222232222242
41222222322221212122322222322121322322322322223241322424223232141413222214442144
22323212212322422122231142243222222222321322222212242222222244234232222233332324
22214413232232224222222224243143222222423233233322342224422222423222223234422222
24234422222222243133422232432222214244231232222244232221222422122222222422224223
22222323221232242221222344422322221244223223422232234223142222222322222222222222
32322323332442213222112242222322232422223222222232423423222331123422122342422222
13132222442223223222321223222122241222431223322231242232124242422241122232233324
24243222222323222122223233322134224232222224222222232214322222422222243322322321
32223423422212421423323442332222212232223442241224422212312222222322224222242222
32234224423233322342242323332322124421221222424323222124432232422332224222221422
42321224322322222132222332342322222322321222324223112433222322232241222124224223
22122242224322232243222221322222422233224222432222123222242242332111222243232222
44321222223213222243221323123223221222222433232444332222224124224213342222234241
22222224432222232231343224232212213222422133222323221223243324232222224223224212
11422332143232222242123222242222222431331221212222134224122432222222242222212223
22232224232242223332231222224322234212232222422222421242222123123242314422242143
43322232324223222222222322332444222212422312242222223212234422122231222222222242
41322222224422421223341224223232222222222234222322332223223343124122232123222232
22222123144324233212224222222212342422221322222344422112223322123223213222322224
24222243232222422424332413422342422332143222431243412222233223133324422224112221
12222234221222222222423222322232242332422312322342232222222212222232423111241342
42322324432232224212422224321241224242212212222243221213222221222222241333122334
22222122341123322223122222222322221322232344422222222221421242222222244233141341
22222222324313342223232233231124442221424242222222223222423232222332222222342242
21324222243222223122232313224432222212222222322242324241222222213322222422222224
23232442222224123424423442422122223312222322223412224422222322242242321224212222
42132224242322132244222224312222222142223223444121142242221422221343312214112442
22422332424142442322243422432223232232224222322222224122222433233222442242232322
34332212222242422122322222223222232322343224222222223224224221222422232122432224
12222332231242232122222422222222212232322142224222222242241232211423222222313122
24422412233224122242324432224422223222212222221222233423134224221222433433132224
42221422231212322122442423232324424222342232231241212323332222221222322434223222
23342242222234224422111332231222222214222332222223423422123212122222232224222223
23422212323223242124123323422314212222242323122222422333412343442222232224222222
32222222222223422222213224322222222221212242221214422232212211223432222422232222
42232221211432142122332313222212322221223222224122342422222224432143212243224222
34432222222222222214422332222221232212242222222232221332442123441223224432242222
34212223212221224222423423434412222223212242232333211243242232222231112222324224
32322141423223222222432222342221122223242423242332232222234222333413422224243442
23222222342222222224213122442224313222322322222222122322212222224224222424222232
22222242142222422232342223342324422322322322223223222214223143313212222222243222
12212222222421242242242422222222222222132222312422222222322222342242242122214444
22242213122423444232423224232322424232242244232232222322123222132321422242222323
22221222232221323332233322322222424122222322324222422122233214222242232222121323
34222113232442122222222314214322242242232342121233222214322222222231234122423222
32221221233134224231122324224321212232232221224222222443232331422242323112222422
32242232322234322222223232342222122224221222222221423221332321142442424323242224
21222223222322212212124322422332222421222111332342322222123232224334222322222231
23212422234422222232222432222323224222242222232322213223222222131212334242221222
24243222232224322222224222212222224444222222222222422344222331412222223422212322
23221231324212422222222222121231221212324222311323223322443221222222222223224222
24223214244332222234242242322221432234323422221222444222332124422222221234333222
22212222224422232422422242123122223222222232222323222232121112222232112122212222
32322323224232143244122222224442323322222212422224222344222422232321422422223222
33242322223422122222322222422422222224222212422242322123333122224223242232412222
22222112422342123224223422422422211224221431223221222124322432222222224222222422
43222322222223243233332322222222422212223414422233222132112222132221222233422222
31323322332342224341234424221232212442232342231124222342222222242222213222222222
21222424121234321222222322234322222222222421224222322223222242222222222122222342
42224222222243222111423222222424121224322422433222422233212222222323242232224133
23221124222222222442222312422222243422232224322221222212442142231222222142224231
44212322222123242212233233323232242443432234232212222343232222423413342224224222
34323422431222221222232332222222343442242242122222233212221224322223224122342423
32423233233242422422221321222122222232232214222322232242222222234442422222233442
22222134242333222343222222343322222213322123212222232223322222322234124242242222
24222242323322222122244132333324242422222232424222322112223242432242442234441232
13222223224322222422322423232222212322242344221222323242423224222143232323222223
22244244213241223232442222124232343211221244222232222322222334122234334232222341
22222223144424221312232223211224122222233422322221123322242221322424443422331223
22222222224221223244242322242222243232222222243242222222224322224221122334232223
42222242322143221223222121213112243213422242222322321224222222213222223322222122
42232242221134243222233411412212323422212234322242322213142224422222222224222244
32424422122142222334442342422222222224243132222242322242224423232112323221233222
24222224242222442431421232222222232222312344222223232123242233242223222223242223
22432232222232242322242133221242232432434322242343222224232222212322222212242224
22321214222122422222242232223122113124122222242222224123122233113222342212424242
22222224232223322322441241242234224121423442222222242224212223222234422224122223
33241242432223432231323142212342322344232422222234212222222222223242222321434424
33113221224323224113442142212221334224131222323232122221222223412214212224231242
21232242223211322222123424222222242224221221223222221232222242432242222243323233
12222222222132123222232122422222223322232442214221212222242223233222222324223242
23322222222222242422421442143324221341222432232123422222333243122112221223332213
22224222424214321322432232221422212232132422234332322232221322223423323122223212
14223242344424322322232224222222224224342222132421424222222212223224323224222432
22431222432322422241121222222322423322123242222232232432312222422212232222422123
42223242222242222412224422323342232224212222222121332422213221232314322113214122
32222221242234131222232222233222222222222122222214422221312232332442222343322332
42222222222242222422222324422422222222212231432112233222122213223323322222322432
22224413343222242223322442222332212321232222212223124222221324222323123221222222
31223212222322232323224232221132432232224232123342222222122212442122222222233112
11322224212422224222212212144224323322312221232233222232323222223122244232321322
24222222121421224221224224423221222222232213222222212222422142433223324243222322
22423232244222224222233421244232121324222222343222242223243424232242224221232242
22233242443223432222222221122222113221222214222434222224234332222142232223232312
34223222444213223211422242224222433223222222312222343212234432223143311222242232
22233232222234221331322242223222132124223232423222322224322222242222243222221321
42221214222422222422224223242442324233222312221321222223222344134222222422222232
23422222342223112334222122142242122122222422231222332212212212242233422423222222
21241341222222111224223324222412321323332222223223222233122123222242222223432221
22242324211243242422222422124222323322422224312434324241224423122222332234242123
21442222223223222423322112124224222322222142322433242322223222422222222222122322
22423432321222422222122223422212222222212114222122322442224342322244224222242422
33223223332333222222222323222242232222213223222143322233222222314222222213234232
31224434223222223132222223222222232222422422224222222322322233222122322221232122
12432231243223222422133222332422222434422222122232222442432222343223242243444231
34322232322122212224222222432432124214223342223234212212421242232122124242221222
