2475
2502
2495
2483
2468
2463
2476
2467
2477
2494
2500
2459
2466
2482
2491
2459
2490
2472
2465
2487
2474
2506
2489
2464
2492
2488
2483
2483
2446
2447
2469
2458
2482
2496
2468
2485
2479
2453
2477
2477
2479
2458
2473
2476
2489
2491
2447
2453
2471
2466
2462
2486
2466
2455
2446
2455
2443
2442
2429
2407
2416
2386
2361
2351
2354
2340
2313
2240
2244
2200
2136
2096
2026
1973
1873
1729
1651
1569
1506
1412
1272
1203
1092
926
899
797
708
650
581
555
546
572
579
625
682
729
813
926
1031
1112
1100
1244
1405
1486
1682
1821
1971
2036
2091
2200
2225
2235
2338
2330
2392
2438
2439
2484
2442
2480
2478
2467
2472
2439
2480
2432
2483
2518
2439
2491
2487
2469
2486
2444
2479
2466
2470
2471
2495
2484
2478
2490
2467
2465
2471
2494
2474
2469
2475
2468
2495
2471
2481
2481
2475
2460
2495
2471
2476
2474
2457
2500
2487
2466
2471
2481
2466
2461
2464
2488
2470
2448
2459
2429
2459
2430
2453
2429
2482
2484
2469