# Quantum-Optic: Experiments with single photons
# Experiment: Entangled at a polarized 50% beam splitter
# measure from 25.04.2008 14:05
# measurement time for each data point: 10s
# Lab-user: P. Bronner
 



# With entanglement

# angle A; angle B; ATBT; ARBR; ATBR; ARBT; time
22,5;	22,5;	2209,0;	2219,0;	85,0;	41,0;	10,0
22,5;	22,5;	2207,0;	2216,0;	98,0;	51,0;	10,0
22,5;	22,5;	2216,0;	2277,0;	71,0;	48,0;	10,0
22,5;	22,5;	2283,0;	2253,0;	90,0;	45,0;	10,0
22,5;	22,5;	2217,0;	2239,0;	77,0;	56,0;	10,0
22,5;	22,5;	2192,0;	2212,0;	72,0;	34,0;	10,0
22,5;	22,5;	2210,0;	2193,0;	72,0;	46,0;	10,0
22,5;	22,5;	2250,0;	2264,0;	80,0;	35,0;	10,0
22,5;	22,5;	2236,0;	2257,0;	82,0;	56,0;	10,0
22,5;	22,5;	2156,0;	2270,0;	78,0;	41,0;	10,0
22,5;	22,5;	2252,0;	2194,0;	93,0;	30,0;	10,0
22,5;	22,5;	2216,0;	2278,0;	71,0;	41,0;	10,0
22,5;	22,5;	2197,0;	2230,0;	69,0;	43,0;	10,0
22,5;	22,5;	2231,0;	2212,0;	86,0;	35,0;	10,0
22,5;	22,5;	2247,0;	2231,0;	72,0;	49,0;	10,0
22,5;	22,5;	2200,0;	2166,0;	80,0;	44,0;	10,0
22,5;	22,5;	2223,0;	2241,0;	97,0;	42,0;	10,0
22,5;	22,5;	2218,0;	2191,0;	78,0;	51,0;	10,0
22,5;	22,5;	2205,0;	2252,0;	80,0;	45,0;	10,0
22,5;	22,5;	2268,0;	2194,0;	73,0;	50,0;	10,0
22,5;	22,5;	2159,0;	2242,0;	72,0;	45,0;	10,0
22,5;	22,5;	2168,0;	2292,0;	82,0;	37,0;	10,0
22,5;	22,5;	2166,0;	2194,0;	73,0;	35,0;	10,0
22,5;	22,5;	2221,0;	2358,0;	94,0;	65,0;	10,0
22,5;	22,5;	2074,0;	2182,0;	82,0;	38,0;	10,0
22,5;	22,5;	2265,0;	2267,0;	92,0;	32,0;	10,0
22,5;	22,5;	2206,0;	2212,0;	84,0;	36,0;	10,0
22,5;	22,5;	2255,0;	2151,0;	73,0;	44,0;	10,0
22,5;	22,5;	2177,0;	2227,0;	76,0;	32,0;	10,0
22,5;	22,5;	2213,0;	2302,0;	80,0;	50,0;	10,0
22,5;	22,5;	2241,0;	2214,0;	77,0;	47,0;	10,0
22,5;	22,5;	2217,0;	2270,0;	84,0;	49,0;	10,0
22,5;	22,5;	2191,0;	2225,0;	92,0;	51,0;	10,0
22,5;	22,5;	2249,0;	2173,0;	86,0;	42,0;	10,0
22,5;	22,5;	2304,0;	2235,0;	73,0;	51,0;	10,0
22,5;	22,5;	2280,0;	2249,0;	98,0;	49,0;	10,0
22,5;	22,5;	2195,0;	2269,0;	82,0;	52,0;	10,0
22,5;	22,5;	2227,0;	2232,0;	95,0;	38,0;	10,0
22,5;	22,5;	2204,0;	2132,0;	81,0;	53,0;	10,0
22,5;	22,5;	2223,0;	2241,0;	91,0;	50,0;	10,0
22,5;	22,5;	2218,0;	2282,0;	100,0;	47,0;	10,0
22,5;	22,5;	2238,0;	2192,0;	85,0;	52,0;	10,0
22,5;	22,5;	2182,0;	2227,0;	85,0;	35,0;	10,0
22,5;	22,5;	2238,0;	2241,0;	82,0;	42,0;	10,0
22,5;	22,5;	2184,0;	2160,0;	82,0;	46,0;	10,0
22,5;	22,5;	2131,0;	2240,0;	63,0;	53,0;	10,0
22,5;	22,5;	2168,0;	2286,0;	99,0;	42,0;	10,0
22,5;	22,5;	2194,0;	2298,0;	74,0;	46,0;	10,0
22,5;	22,5;	2150,0;	2254,0;	68,0;	49,0;	10,0
22,5;	22,5;	2302,0;	2203,0;	84,0;	43,0;	10,0
22,5;	22,5;	2262,0;	2229,0;	78,0;	50,0;	10,0
22,5;	22,5;	2269,0;	2263,0;	91,0;	44,0;	10,0
22,5;	22,5;	2188,0;	2238,0;	96,0;	46,0;	10,0
22,5;	22,5;	2158,0;	2188,0;	76,0;	50,0;	10,0
22,5;	22,5;	2270,0;	2209,0;	79,0;	42,0;	10,0
22,5;	22,5;	2174,0;	2293,0;	94,0;	45,0;	10,0
22,5;	22,5;	2160,0;	2226,0;	79,0;	47,0;	10,0
22,5;	22,5;	2306,0;	2211,0;	85,0;	43,0;	10,0
22,5;	22,5;	2305,0;	2232,0;	77,0;	45,0;	10,0
22,5;	22,5;	2257,0;	2164,0;	78,0;	38,0;	10,0
22,5;	22,5;	2209,0;	2231,0;	75,0;	33,0;	10,0
22,5;	22,5;	2253,0;	2184,0;	79,0;	46,0;	10,0
22,5;	22,5;	2263,0;	2320,0;	75,0;	36,0;	10,0
22,5;	22,5;	2260,0;	2335,0;	81,0;	39,0;	10,0
22,5;	22,5;	2272,0;	2178,0;	83,0;	48,0;	10,0
22,5;	22,5;	2227,0;	2224,0;	82,0;	45,0;	10,0
22,5;	22,5;	2175,0;	2172,0;	91,0;	48,0;	10,0
22,5;	22,5;	2219,0;	2191,0;	79,0;	36,0;	10,0
22,5;	22,5;	2265,0;	2237,0;	89,0;	43,0;	10,0
22,5;	22,5;	2168,0;	2294,0;	81,0;	62,0;	10,0
22,5;	22,5;	2161,0;	2280,0;	65,0;	33,0;	10,0
22,5;	22,5;	2235,0;	2243,0;	93,0;	50,0;	10,0
22,5;	22,5;	2256,0;	2163,0;	88,0;	39,0;	10,0
22,5;	22,5;	2260,0;	2237,0;	93,0;	40,0;	10,0
22,5;	22,5;	2207,0;	2314,0;	88,0;	47,0;	10,0
22,5;	22,5;	2199,0;	2252,0;	97,0;	53,0;	10,0
22,5;	22,5;	2305,0;	2216,0;	86,0;	43,0;	10,0
22,5;	22,5;	2198,0;	2202,0;	77,0;	40,0;	10,0
22,5;	22,5;	2314,0;	2248,0;	72,0;	44,0;	10,0
22,5;	22,5;	2169,0;	2293,0;	100,0;	40,0;	10,0
22,5;	22,5;	2157,0;	2201,0;	92,0;	55,0;	10,0
22,5;	22,5;	2300,0;	2242,0;	94,0;	47,0;	10,0
22,5;	22,5;	2202,0;	2207,0;	94,0;	54,0;	10,0
22,5;	22,5;	2195,0;	2241,0;	80,0;	41,0;	10,0
22,5;	22,5;	2297,0;	2177,0;	61,0;	56,0;	10,0
22,5;	22,5;	2214,0;	2205,0;	93,0;	55,0;	10,0
22,5;	22,5;	2239,0;	2265,0;	85,0;	43,0;	10,0
22,5;	22,5;	2263,0;	2234,0;	79,0;	44,0;	10,0
22,5;	22,5;	2206,0;	2231,0;	86,0;	44,0;	10,0
22,5;	22,5;	2211,0;	2285,0;	79,0;	33,0;	10,0
22,5;	22,5;	2281,0;	2239,0;	92,0;	49,0;	10,0
22,5;	22,5;	2229,0;	2294,0;	90,0;	42,0;	10,0
22,5;	22,5;	2186,0;	2152,0;	96,0;	31,0;	10,0
22,5;	22,5;	2337,0;	2235,0;	74,0;	43,0;	10,0
22,5;	22,5;	2318,0;	2201,0;	85,0;	41,0;	10,0
22,5;	22,5;	2272,0;	2182,0;	94,0;	42,0;	10,0
22,5;	22,5;	2093,0;	2282,0;	82,0;	65,0;	10,0
22,5;	22,5;	2217,0;	2225,0;	87,0;	50,0;	10,0

# OHNE VERSCHRÄNKUNGSKRISTALL:

# Winkel WP A; Winkel WP B; ATBT; ARBR; ATBR; ARBT; Messzeit

22,5;	22,5;	989,0;	1227,0;	1089,0;	1190,0;	10,0
22,5;	22,5;	1044,0;	1213,0;	1102,0;	1168,0;	10,0
22,5;	22,5;	1001,0;	1194,0;	1184,0;	1209,0;	10,0
22,5;	22,5;	1026,0;	1172,0;	1142,0;	1167,0;	10,0
22,5;	22,5;	980,0;	1110,0;	1115,0;	1179,0;	10,0
22,5;	22,5;	1035,0;	1192,0;	1186,0;	1170,0;	10,0
22,5;	22,5;	1041,0;	1169,0;	1122,0;	1153,0;	10,0
22,5;	22,5;	1065,0;	1194,0;	1157,0;	1154,0;	10,0
22,5;	22,5;	984,0;	1221,0;	1071,0;	1133,0;	10,0
22,5;	22,5;	1051,0;	1194,0;	1191,0;	1250,0;	10,0
22,5;	22,5;	1001,0;	1178,0;	1189,0;	1157,0;	10,0
22,5;	22,5;	1018,0;	1144,0;	1159,0;	1190,0;	10,0
22,5;	22,5;	1027,0;	1189,0;	1171,0;	1109,0;	10,0
22,5;	22,5;	1062,0;	1139,0;	1144,0;	1167,0;	10,0
22,5;	22,5;	971,0;	1166,0;	1114,0;	1093,0;	10,0
22,5;	22,5;	1007,0;	1249,0;	1108,0;	1154,0;	10,0
22,5;	22,5;	1101,0;	1192,0;	1135,0;	1147,0;	10,0
22,5;	22,5;	1008,0;	1195,0;	1161,0;	1160,0;	10,0
22,5;	22,5;	1076,0;	1170,0;	1195,0;	1084,0;	10,0
22,5;	22,5;	993,0;	1162,0;	1096,0;	1142,0;	10,0
22,5;	22,5;	1078,0;	1187,0;	1110,0;	1145,0;	10,0
22,5;	22,5;	1033,0;	1151,0;	1195,0;	1176,0;	10,0
22,5;	22,5;	1045,0;	1199,0;	1168,0;	1172,0;	10,0
22,5;	22,5;	998,0;	1204,0;	1178,0;	1104,0;	10,0
22,5;	22,5;	1002,0;	1193,0;	1076,0;	1145,0;	10,0
22,5;	22,5;	1014,0;	1131,0;	1131,0;	1096,0;	10,0
22,5;	22,5;	1011,0;	1172,0;	1142,0;	1113,0;	10,0
22,5;	22,5;	1032,0;	1216,0;	1182,0;	1116,0;	10,0
22,5;	22,5;	1114,0;	1199,0;	1149,0;	1143,0;	10,0
22,5;	22,5;	1000,0;	1219,0;	1165,0;	1155,0;	10,0
22,5;	22,5;	1047,0;	1214,0;	1157,0;	1123,0;	10,0
22,5;	22,5;	970,0;	1221,0;	1165,0;	1159,0;	10,0
22,5;	22,5;	1004,0;	1204,0;	1096,0;	1161,0;	10,0
22,5;	22,5;	1067,0;	1213,0;	1163,0;	1148,0;	10,0
22,5;	22,5;	978,0;	1115,0;	1116,0;	1185,0;	10,0
22,5;	22,5;	1014,0;	1148,0;	1130,0;	1174,0;	10,0
22,5;	22,5;	980,0;	1151,0;	1184,0;	1141,0;	10,0
22,5;	22,5;	1020,0;	1147,0;	1210,0;	1199,0;	10,0
22,5;	22,5;	1089,0;	1219,0;	1101,0;	1118,0;	10,0
22,5;	22,5;	1005,0;	1195,0;	1098,0;	1216,0;	10,0
22,5;	22,5;	1049,0;	1166,0;	1173,0;	1177,0;	10,0
22,5;	22,5;	996,0;	1161,0;	1228,0;	1150,0;	10,0
22,5;	22,5;	1010,0;	1166,0;	1197,0;	1180,0;	10,0
22,5;	22,5;	1000,0;	1228,0;	1115,0;	1175,0;	10,0
22,5;	22,5;	1034,0;	1149,0;	1125,0;	1136,0;	10,0
22,5;	22,5;	1034,0;	1203,0;	1085,0;	1159,0;	10,0
22,5;	22,5;	992,0;	1197,0;	1194,0;	1172,0;	10,0
22,5;	22,5;	1045,0;	1181,0;	1167,0;	1135,0;	10,0
22,5;	22,5;	1021,0;	1157,0;	1117,0;	1091,0;	10,0
22,5;	22,5;	992,0;	1194,0;	1114,0;	1147,0;	10,0
22,5;	22,5;	986,0;	1158,0;	1248,0;	1114,0;	10,0
22,5;	22,5;	1058,0;	1162,0;	1120,0;	1152,0;	10,0
22,5;	22,5;	989,0;	1194,0;	1158,0;	1136,0;	10,0
22,5;	22,5;	1020,0;	1188,0;	1125,0;	1140,0;	10,0
22,5;	22,5;	1011,0;	1209,0;	1138,0;	1217,0;	10,0
22,5;	22,5;	1067,0;	1129,0;	1185,0;	1186,0;	10,0
22,5;	22,5;	1045,0;	1188,0;	1133,0;	1128,0;	10,0
22,5;	22,5;	951,0;	1206,0;	1154,0;	1150,0;	10,0
22,5;	22,5;	1035,0;	1164,0;	1106,0;	1153,0;	10,0
22,5;	22,5;	1080,0;	1115,0;	1129,0;	1156,0;	10,0
22,5;	22,5;	1009,0;	1210,0;	1075,0;	1192,0;	10,0
22,5;	22,5;	1025,0;	1171,0;	1168,0;	1109,0;	10,0
22,5;	22,5;	995,0;	1200,0;	1252,0;	1217,0;	10,0
22,5;	22,5;	1016,0;	1247,0;	1167,0;	1145,0;	10,0
22,5;	22,5;	1002,0;	1261,0;	1147,0;	1127,0;	10,0
22,5;	22,5;	1044,0;	1184,0;	1182,0;	1139,0;	10,0
22,5;	22,5;	1054,0;	1156,0;	1196,0;	1139,0;	10,0
22,5;	22,5;	1041,0;	1168,0;	1164,0;	1251,0;	10,0
22,5;	22,5;	1004,0;	1203,0;	1183,0;	1117,0;	10,0
22,5;	22,5;	1042,0;	1153,0;	1150,0;	1104,0;	10,0
22,5;	22,5;	1058,0;	1166,0;	1110,0;	1156,0;	10,0
22,5;	22,5;	1023,0;	1163,0;	1146,0;	1131,0;	10,0
22,5;	22,5;	991,0;	1176,0;	1085,0;	1087,0;	10,0
22,5;	22,5;	1069,0;	1105,0;	1146,0;	1160,0;	10,0
22,5;	22,5;	1070,0;	1175,0;	1211,0;	1179,0;	10,0
22,5;	22,5;	1033,0;	1259,0;	1058,0;	1231,0;	10,0
22,5;	22,5;	1034,0;	1194,0;	1205,0;	1193,0;	10,0
22,5;	22,5;	1033,0;	1160,0;	1143,0;	1131,0;	10,0
22,5;	22,5;	994,0;	1168,0;	1147,0;	1154,0;	10,0
22,5;	22,5;	1104,0;	1151,0;	1142,0;	1156,0;	10,0
22,5;	22,5;	1023,0;	1157,0;	1109,0;	1115,0;	10,0
22,5;	22,5;	990,0;	1156,0;	1197,0;	1189,0;	10,0
22,5;	22,5;	1006,0;	1180,0;	1220,0;	1164,0;	10,0
22,5;	22,5;	1014,0;	1248,0;	1170,0;	1123,0;	10,0
22,5;	22,5;	1039,0;	1183,0;	1172,0;	1119,0;	10,0
22,5;	22,5;	1037,0;	1220,0;	1206,0;	1109,0;	10,0
22,5;	22,5;	1043,0;	1165,0;	1145,0;	1182,0;	10,0
22,5;	22,5;	977,0;	1174,0;	1141,0;	1146,0;	10,0
22,5;	22,5;	981,0;	1171,0;	1196,0;	1165,0;	10,0
22,5;	22,5;	1063,0;	1213,0;	1104,0;	1180,0;	10,0
22,5;	22,5;	996,0;	1198,0;	1227,0;	1099,0;	10,0
22,5;	22,5;	1054,0;	1200,0;	1169,0;	1120,0;	10,0
22,5;	22,5;	1038,0;	1192,0;	1116,0;	1163,0;	10,0
22,5;	22,5;	988,0;	1164,0;	1115,0;	1131,0;	10,0
22,5;	22,5;	1003,0;	1195,0;	1161,0;	1174,0;	10,0
22,5;	22,5;	995,0;	1156,0;	1246,0;	1120,0;	10,0
22,5;	22,5;	1012,0;	1163,0;	1115,0;	1155,0;	10,0
22,5;	22,5;	965,0;	1157,0;	1142,0;	1184,0;	10,0
