14313143233322433434241232224342342412333321411222432412232232441244343411213244
41221243224334313124124422211434221141334433222141223434324223124313342333232114
22343311234422442134342141441134242231123334314324133422431332412443112423412332
34223424441431232224424324413222413434144412414343122234442214124121332441312242
33224121331411413134224422344234441434232233142141242211323233421344231124223421
43443444211133341242123343431114232334443412243223111424241211133323412124344212
22421443142143121322441434121411441244324142333322222341323211342411344313431242
21121322441344144442442421214243343222331431232233232142332324313244323132142333
43132133223142222324241422422122432113121343412142424144343213432211342134114431
11324241432311444141332323231214231421223241341433111124112144414112441221323121
44342144444412233233413223231232422113412221442143312413414422441413133343111343
33144211224344232121342342112343343341112431221133343122423443242342224341232142
33231413421242444122312434443341324132141223132322312342432332212111144413241212
11441123321442312243323113241223211213242112223323423344332143243144234113434232
11342321144233231242113114421444334414313441243431341232221424124333423113112411
22244211311241314132122413233212142411111112421343322241243122133424242243341311
23441414424311333414124114214322111242212222211323331224142224434133322241333344
11411224324434411122142343421144413344144424422212341444111323124323422243342411
12212321241214323443234332222421123311443243412122434123133331133342121233422312
23333444244211124322423313323231341133433124412311242113244234233431213312232314
43241234132141334411144124114422224214131313411342121433342124123324343234341414
34342143222143211412223114322123232412211124133132421141244441313412242224432323
23442324441214143333442133321224331331444341143442212424322244242211133134213132
24341311124143422413231444422224314312213424144424223123144441343132113114411131
12224233424412344314441423441142112231334442242133323214112433123443231133242231
21321224123444213222311431242331433233132242414221444434344434344413424421243212
43132142133224422434424313443332442332343123122331411244211324414132134314212414
41132314141241324142313433222333322413423314424432244142443432244131232121233413
42143434142224322314134233124442344134333343344234323232441124334333333421413443
22114431234421224332423444133412234424132424442241342131332333231232222432422311
33244222122232311312424333444212413423242242234341214434213421432442344441232142
24423423444122213114223214443311222412421334323212132344413242444234224444114321
13343134324341232132341332321211442232342213241214323344231413133231113432434241
34322343123434432121312433314223311214314343142111313222234443133122114341424314
32321323421111442442222124414123434232144133142344134233432224122222232324431312
33434142141343433242441132344441233122132342133244343113444331233211141343213144
12232312214343244441432413233224114433224141331211243124314323114342321411123442
44311413113242323422242242243311441441414244344141443434111242111441313434321122
12244333114121113324111131114324432213434312142123122214313141311334221432124231
31244244142133142321424213342444133122133412332313434431144132321424144444311343
23413343344223344114344244431134321114213113112233212314142324314143222134322234
21421334244233223421444243233444123313423223123121244422234322121343421244214222
24433211334221244423113243214114311221213113212441233133424314131413311433314344
31443213334233434132324322213212142431321324341443412342131313242222222443332421
42112221131133243122121321414342121312133434333413234241222342312423132144142211
33442444442124244313441114143332242432243314231331433443124431334333341231144143
22213412121442123213322311242424321444312312113224431241123323331134423322434233
14142443224133441141121134112224124121333141431221312442133233443141413424114233
13412442142221341111222413313423434141141211134332242114212443421311231231323234
21411112421412141132412111432422343344211434334323412341423432231343324121441114
11321134322444242334434224223314312411433411431134142142133323111343443443221242
34434443314413114122421344424224141124334413323434432311434322332332313343111143
32414431231112231322132332433223132134243244222443231312234224341231224242134133
21114332214313424324412314444211313333331443333333222124122414413142131124221343
24224344413111134214343342331423331433443414334132343222114144321224234321114414
14433211111322233444111213411413432243333433334433431311343441433322212212312221
32144122433323111222341124412123324121341221322231421222414212211314132141222443
33114132242144141123442342123131414314233423322424432212144334342423342431133412
21114242133313442422241432314243423212124334143434433331221211133213132244123141
21231331233422141421131221423321221131214213341324322242122313442224234232444323
34433422234122244324432433314323223323331314124412212412344124222213231143214221
34424112214211223213234442111231413332434422113132233231442241242344231241411333
42234412221441442411333231444331111213343133123232114222344342232242441342212132
44113431443443313242114422313313311242111441142342444324231133121241134422114322
31344322324314431313142134324421342423113122332232141332334242212143444244334142
42343432443231421211324243233332421441242124424133413312241242244242434433441432
32231124441221111143314221234323342433342323313232214334423333243333223324321443
13214331312131243122221323333232312433123241242424113331422242244421241322124311
44242442223443343334222132133423142143343222311424424332331212112211124312422223
34212311142331411141213443232341343321114223214431441443124343222132121213243343
42314323314214111224133412234314323343332321132443433241224124112423312223114432
44231314313223311314324334323244223423134233214223244224412341334123114424221234
42132244311434113431114321433233141434342231332341131334431122124414431212344432
32212442142221443233333113323211144141332343113412322132134144413421231121121431
21143412441134424221241424412433122434421423441313243321324222342323142233223322
22424343334133211132442434222221313122443122423221342222143414423242411244132334
44343142333422243242314232142343134413214341211141442424132424242323222224444342
31424321132112144431424344332334121141232131134224332243224413243214341232142441
23132132133133241431433441322224113444423444413432134324413312344241322242111413
24444331413324134143234211123123121243142324122423423141444313341213444414224132
33423433334134421412234313442342442424243334442124123122134233332221244344423224
24221223231141333442321331222424241322222334243122414144322323233421114412421342
44321213421242423424121322434223214412121124241114211122231121422112421412113133
14443243224321334441244231333432314142141342422223123431424112142112434214414134
41234231142331424234323321312114333144334112312133444424321312221311411441211142
11143123432423312334331134222434334232431231222313431341232442123223411412444343
24214234312312122234443324232321144123434342321312243432413443342341312222121222
14222423144111424131422323112332421224323212121431333443323432122243233243333214
31123133212241342441321442122144311334242431314324412141123414432214242241422244
22414122332223343111423232433332123313413241322222422132324323112213143322433434
22413414321223441343312313334342424441424424431312144424113121124313333441323113
34134323311121434413241331332333233423331322333342314432323121244323114114314233
23233132413241243132124432413111142424112413223222214332332322243332422413343423
44214112324114113314122123213442124424111424241322344332413142233242412224242444
34242422223142211341231212341442132132314434341144441442444423433321413223233442
11321243112114343121322414311122412413444412424344223213213131124432323414214123
42421212323223314113212144221123424234224121342422433423224314213421221332341322
21311233342442422334432223321434341334132221332242213322432434241333212321312332
31334424344321234313313424242414411313243333131111344134444323331433444214244234
43212342421132214313241224344112213323123334232124214331212133342244213414421414
13133332224321121412212242234341424332433134133343411133244312333312113214431121
23132243114432233243431234313333443432431422414441211432112143334211411213131241
33411234132444341221413234423132242241333311343433341122443144444131134223343324
32432243314312422141444313231342423344443324314332232214421113211241212114343344
43344244443314111431432422243112342412442242324122141413342142141343243413414141
24414233112113413242332342242243332411333313221242341131423213444331344214433313
14211234321114312322242111432112222222321322434112443233133423222412434444212224
23414444422244212414321331431144442442212334423413312111214332321431422213331143
13321431432331142224231234142343313312431414341233432233142231322443124234212223
31133142444431241331212234132213332241443312213332432234314244424313131232112313
14134414233441221234314221144324114244342341414422234133323124312221313431144321
33131142211443144222322312231412122242322342133331314424414234232244234124334312
22233323443221311112143444342224132343142421333412434213222432444432241142211434
42443432211143221313443223112434233231324124234133424132321121423323314241332213
44222434431431121134244332232241113212413444114114123341122121344441322111242141
43224112134223244323423242431344412231444141123121144141312323133422221311324433
33332233334212334423344442131143333441341323424443443142414444442314444434312434
31432434331144422433134434344122124221412211444112141311231211112423141231124211
41233124424232244341131234111132233433243124324214123243122442213232311344343123
22112211234243124332214131321121311213144342431433232322434113414213113241441411
23244311413214232132123422444224111132244421412143121214143133221411434344111413
14224331444411421421443241422221424113314433422322242242121243243133232214342221
14331333341412331342222124121214433422114412112134342223311322112442444341422344